Mack/Bortfeldt(2008)
Bin-Packing-Problem
BP-RG/SBSBPP/SSSCSP
Testcase-ID	2
Problem-ID	74
no_item_types	298
no_items	1257
CONTAINER_DATA (l,w,h)	587	233	220
ITEMS_DATA:
Type	x	y	z	no_items
1	119	96	71	5
2	114	97	69	4
3	113	94	70	3
4	110	86	78	5
5	98	90	74	7
6	112	96	58	5
7	119	76	68	4
8	114	77	69	4
9	98	86	68	6
10	100	83	69	2
11	91	79	78	3
12	116	70	69	6
13	95	76	73	3
14	108	94	51	5
15	90	80	71	1
16	94	82	66	3
17	102	78	63	2
18	109	79	57	3
19	120	77	53	5
20	104	94	50	6
21	95	95	54	5
22	97	89	56	3
23	95	92	55	5
24	105	97	47	3
25	96	79	63	4
26	120	99	40	6
27	105	97	46	5
28	108	71	61	9
29	105	73	60	4
30	118	67	58	4
31	80	77	74	5
32	110	70	59	4
33	106	76	55	5
34	103	78	55	2
35	78	75	74	3
36	115	68	55	2
37	97	75	59	7
38	80	79	67	4
39	103	76	54	3
40	104	80	50	6
41	93	73	61	7
42	81	75	68	4
43	94	71	61	6
44	85	77	62	4
45	88	85	54	7
46	76	73	72	2
47	81	79	62	5
48	104	63	59	3
49	110	59	58	3
50	94	77	52	6
51	97	64	59	7
52	80	69	66	3
53	109	72	46	5
54	90	77	52	3
55	82	77	57	3
56	90	84	47	6
57	88	65	62	3
58	119	76	39	4
59	110	71	45	7
60	74	71	66	3
61	106	68	47	5
62	93	66	55	3
63	102	77	42	2
64	113	66	44	3
65	76	71	60	4
66	80	67	60	5
67	102	87	36	2
68	99	62	52	3
69	95	76	44	4
70	85	73	51	5
71	104	74	41	2
72	98	73	44	6
73	99	89	35	1
74	109	100	28	3
75	120	55	46	4
76	88	69	50	3
77	79	72	53	3
78	100	86	35	2
79	78	76	50	3
80	78	70	54	6
81	114	77	33	3
82	118	57	43	5
83	81	67	53	2
84	95	57	53	5
85	117	62	39	3
86	77	64	57	4
87	83	75	45	4
88	87	76	42	1
89	95	62	47	6
90	100	92	30	3
91	68	64	63	3
92	90	57	53	2
93	118	62	37	6
94	103	97	27	5
95	73	71	52	3
96	99	85	32	1
97	86	80	39	6
98	80	76	44	7
99	99	55	49	7
100	90	74	40	6
101	79	59	57	3
102	109	54	45	5
103	80	75	44	4
104	74	61	58	5
105	89	70	42	5
106	75	60	58	3
107	93	58	48	3
108	108	81	29	4
109	93	54	50	5
110	104	63	38	5
111	95	84	31	5
112	85	58	50	7
113	93	54	49	8
114	114	86	25	5
115	74	66	50	5
116	115	47	45	4
117	94	76	34	3
118	84	68	42	2
119	75	74	43	6
120	98	53	44	2
121	78	61	48	2
122	114	47	42	5
123	89	56	45	5
124	84	54	49	4
125	71	68	46	1
126	114	71	27	6
127	85	64	40	4
128	108	67	30	5
129	77	76	37	1
130	78	63	44	4
131	70	63	49	4
132	102	89	23	3
133	71	70	42	4
134	70	62	48	3
135	111	72	26	3
136	71	65	45	4
137	67	58	53	2
138	105	56	35	5
139	73	67	42	7
140	111	44	42	4
141	103	71	28	3
142	72	66	43	5
143	70	56	52	4
144	81	67	37	11
145	67	63	47	3
146	93	52	41	2
147	62	59	54	5
148	86	74	31	5
149	97	53	38	5
150	92	62	34	2
151	77	56	44	3
152	94	63	32	3
153	73	72	36	4
154	67	56	50	4
155	91	68	30	4
156	79	51	46	6
157	93	73	27	3
158	89	57	36	5
159	61	55	54	3
160	96	51	37	3
161	71	65	39	7
162	72	58	43	6
163	75	57	42	3
164	85	52	40	5
165	93	54	35	6
166	95	61	30	2
167	97	64	28	4
168	63	54	51	4
169	76	76	30	4
170	71	70	34	5
171	96	80	22	7
172	90	67	28	3
173	106	62	25	4
174	80	66	31	3
175	73	70	32	4
176	61	58	46	3
177	87	58	32	2
178	75	67	32	6
179	99	81	20	4
180	73	51	43	4
181	57	54	52	2
182	89	69	26	4
183	115	42	33	3
184	86	56	33	4
185	71	53	42	3
186	75	49	43	4
187	98	48	33	4
188	61	53	48	6
189	80	52	37	6
190	63	59	41	5
191	91	52	32	5
192	98	57	27	5
193	73	57	36	2
194	80	48	39	6
195	110	40	34	4
196	77	51	38	3
197	76	67	29	5
198	72	68	30	7
199	81	45	40	7
200	109	51	26	6
201	71	54	37	6
202	97	43	34	8
203	77	54	34	5
204	70	49	41	6
205	96	52	28	6
206	116	48	25	7
207	84	69	24	4
208	59	56	42	1
209	104	66	20	3
210	60	60	38	3
211	99	44	31	4
212	80	67	25	3
213	84	55	29	5
214	111	43	28	5
215	96	58	24	3
216	72	53	35	3
217	78	68	25	7
218	77	44	39	1
219	61	47	46	3
220	72	53	34	7
221	81	47	34	5
222	70	47	39	6
223	58	48	46	3
224	70	65	28	3
225	87	63	23	1
226	115	35	31	4
227	65	49	39	3
228	97	44	29	5
229	83	40	37	2
230	91	61	22	2
231	63	51	38	6
232	75	45	36	4
233	94	38	33	2
234	70	47	35	4
235	74	44	35	2
236	61	58	32	6
237	77	45	32	7
238	71	52	30	2
239	83	58	23	5
240	81	44	31	4
241	63	46	38	6
242	82	58	23	3
243	73	39	38	4
244	73	42	35	1
245	51	50	42	1
246	76	45	31	4
247	58	48	38	7
248	64	54	30	2
249	83	48	26	2
250	100	33	31	2
251	80	63	20	2
252	71	69	20	5
253	73	39	33	6
254	94	32	31	4
255	64	44	33	8
256	64	38	38	4
257	66	58	24	11
258	49	45	41	6
259	55	48	34	3
260	55	44	36	4
261	77	45	25	4
262	70	41	30	6
263	52	51	31	3
264	61	43	31	2
265	46	43	40	7
266	67	59	20	6
267	84	36	26	4
268	81	39	24	4
269	73	36	28	2
270	56	38	33	6
271	54	54	24	4
272	57	35	35	3
273	56	55	22	7
274	57	39	30	4
275	53	37	34	7
276	92	36	20	4
277	68	35	27	1
278	63	34	30	5
279	60	32	32	6
280	60	34	30	2
281	50	42	29	1
282	63	37	26	10
283	58	38	26	2
284	57	37	27	5
285	42	38	35	6
286	60	32	29	2
287	57	38	25	5
288	47	41	28	3
289	47	45	23	4
290	54	35	25	6
291	48	35	28	4
292	43	40	26	5
293	64	29	23	4
294	41	39	26	6
295	46	33	27	3
296	38	31	30	5
297	40	36	21	6
298	34	30	20	4
