Mack/Bortfeldt(2008)
Bin-Packing-Problem
BP-RG/SBSBPP/SSSCSP
Testcase-ID	2
Problem-ID	131
no_item_types	899
no_items	1254
CONTAINER_DATA (l,w,h)	587	233	220
ITEMS_DATA:
Type	x	y	z	no_items
1	120	99	73	2
2	119	97	72	1
3	120	91	76	2
4	119	84	80	3
5	118	88	76	2
6	101	100	77	1
7	104	99	74	1
8	114	88	75	1
9	115	90	71	2
10	111	97	68	1
11	104	95	74	2
12	99	93	79	1
13	104	91	76	1
14	120	95	62	1
15	107	84	78	2
16	119	91	64	1
17	98	94	75	2
18	118	77	76	1
19	109	80	78	3
20	93	91	80	1
21	109	82	75	1
22	97	94	73	1
23	96	91	76	1
24	103	80	79	1
25	100	91	70	1
26	119	75	71	1
27	114	75	73	2
28	108	97	59	2
29	96	80	80	2
30	116	84	63	1
31	116	97	53	2
32	95	82	76	1
33	114	75	69	1
34	116	77	66	1
35	112	77	68	2
36	102	96	59	1
37	100	80	72	1
38	106	76	71	1
39	96	78	76	1
40	120	69	68	2
41	108	99	52	1
42	100	88	62	2
43	110	75	66	2
44	90	84	72	1
45	91	83	72	1
46	118	96	48	1
47	99	76	72	1
48	98	96	56	3
49	99	90	59	1
50	96	79	69	1
51	85	84	72	1
52	103	74	67	1
53	94	82	66	1
54	84	80	75	1
55	103	76	64	2
56	104	74	65	1
57	115	90	48	1
58	108	78	58	2
59	93	77	67	3
60	117	65	63	1
61	95	80	63	1
62	107	72	62	2
63	118	79	51	2
64	96	85	58	1
65	96	81	60	1
66	96	82	59	2
67	115	68	59	2
68	94	83	59	2
69	90	74	69	1
70	85	75	72	2
71	93	77	64	2
72	110	94	44	2
73	87	78	67	1
74	93	74	66	4
75	81	80	70	1
76	120	63	60	3
77	90	85	59	1
78	92	75	65	2
79	93	73	66	2
80	94	70	68	1
81	107	95	44	1
82	89	81	62	3
83	96	95	49	2
84	91	71	69	1
85	103	73	59	1
86	120	77	48	1
87	90	86	57	1
88	93	74	64	1
89	82	80	67	1
90	113	72	54	1
91	95	76	60	1
92	93	86	54	1
93	105	79	52	3
94	83	75	69	1
95	100	74	58	1
96	98	78	56	2
97	106	66	61	1
98	113	98	38	2
99	83	71	71	1
100	94	88	50	1
101	95	70	62	1
102	114	68	53	2
103	96	75	57	2
104	92	81	55	2
105	117	61	57	2
106	94	92	47	1
107	94	77	56	1
108	98	88	47	1
109	81	79	63	1
110	78	76	68	1
111	97	67	62	1
112	119	94	36	1
113	114	80	44	1
114	80	77	65	1
115	100	80	50	2
116	82	75	65	2
117	94	85	50	1
118	113	62	57	1
119	76	74	71	1
120	114	66	53	1
121	90	70	63	1
122	93	79	54	1
123	101	66	59	2
124	99	86	46	1
125	107	64	57	1
126	91	67	64	2
127	102	78	49	1
128	98	67	59	2
129	95	74	55	1
130	78	77	64	1
131	103	63	59	2
132	84	69	66	2
133	79	71	68	3
134	83	80	57	2
135	112	75	45	2
136	103	63	58	2
137	114	60	55	1
138	97	79	49	1
139	119	83	38	1
140	115	74	44	1
141	111	70	48	2
142	113	70	47	2
143	89	72	58	2
144	87	70	61	2
145	84	73	60	1
146	83	71	62	2
147	94	67	58	1
148	86	83	51	2
149	88	78	53	1
150	93	83	47	1
151	106	61	56	2
152	79	79	58	1
153	92	77	51	1
154	90	68	59	1
155	117	56	55	1
156	83	76	57	2
157	86	76	55	2
158	99	98	37	1
159	115	78	40	1
160	74	71	68	1
161	100	87	41	1
162	87	64	64	1
163	82	79	55	2
164	112	69	46	1
165	75	75	63	2
166	106	79	42	1
167	94	85	44	1
168	85	79	52	1
169	103	69	49	1
170	91	78	49	2
171	97	73	49	1
172	103	76	44	1
173	97	91	39	3
174	82	71	59	1
175	113	92	33	3
176	119	60	48	2
177	97	63	56	2
178	86	71	56	2
179	109	58	54	1
180	82	77	54	1
181	91	87	43	1
182	115	87	34	1
183	88	84	46	2
184	91	61	61	1
185	81	76	55	1
186	103	67	49	2
187	115	81	36	1
188	108	97	32	1
189	94	81	44	1
190	97	80	43	1
191	100	64	52	3
192	87	78	49	1
193	78	77	55	1
194	105	85	37	1
195	105	98	32	2
196	91	67	54	1
197	100	62	53	1
198	90	76	48	1
199	80	76	54	1
200	88	73	51	1
201	91	61	59	1
202	74	69	64	1
203	102	82	39	1
204	94	68	51	1
205	102	71	45	2
206	86	84	45	1
207	98	72	46	1
208	94	75	46	1
209	110	67	44	1
210	77	70	60	1
211	97	68	49	1
212	95	85	40	1
213	106	62	49	2
214	116	77	36	3
215	84	78	49	2
216	92	81	43	1
217	117	74	37	2
218	99	98	33	1
219	78	72	57	2
220	74	73	59	1
221	95	76	44	2
222	104	71	43	1
223	105	70	43	2
224	89	77	46	1
225	90	66	53	3
226	95	60	55	2
227	113	73	38	2
228	116	54	50	2
229	83	82	46	1
230	76	71	58	1
231	94	85	39	1
232	109	57	50	1
233	102	78	39	1
234	73	72	59	1
235	94	61	54	1
236	104	62	48	1
237	110	74	38	1
238	112	69	40	1
239	71	68	64	1
240	90	67	51	2
241	90	75	45	1
242	78	72	54	1
243	83	73	50	2
244	103	79	37	1
245	98	60	51	1
246	94	58	55	2
247	87	82	42	2
248	94	65	49	1
249	73	66	62	1
250	117	52	49	3
251	80	79	47	2
252	89	64	52	1
253	91	57	57	2
254	106	68	41	1
255	91	60	54	2
256	80	67	55	3
257	98	97	31	1
258	79	73	51	1
259	83	77	46	2
260	72	69	59	1
261	95	70	44	1
262	87	82	41	1
263	95	75	41	1
264	90	81	40	1
265	81	75	48	2
266	113	56	46	1
267	112	53	49	1
268	111	67	39	1
269	92	63	50	2
270	117	65	38	1
271	79	64	57	2
272	92	58	54	1
273	87	77	43	2
274	118	61	40	3
275	116	67	37	1
276	118	58	42	1
277	76	74	51	1
278	99	90	32	1
279	72	72	55	1
280	93	57	53	1
281	93	70	43	1
282	87	73	44	1
283	97	82	35	1
284	102	80	34	2
285	78	61	58	1
286	104	78	34	1
287	80	66	52	1
288	97	69	41	2
289	119	59	39	1
290	91	71	42	1
291	112	78	31	1
292	98	92	30	2
293	72	67	56	1
294	75	60	60	1
295	103	97	27	3
296	83	69	47	1
297	70	63	61	5
298	89	67	45	4
299	105	88	29	1
300	118	84	27	1
301	92	66	44	2
302	116	49	47	1
303	88	58	52	2
304	91	81	36	2
305	99	57	47	1
306	96	92	30	1
307	72	72	51	1
308	72	61	60	1
309	98	61	44	1
310	75	66	53	1
311	82	69	46	1
312	79	73	45	2
313	96	75	36	2
314	110	76	31	1
315	83	76	41	2
316	83	61	51	1
317	70	67	55	2
318	67	64	60	1
319	80	63	51	1
320	73	64	55	1
321	91	83	34	2
322	91	60	47	1
323	80	65	49	2
324	78	64	51	1
325	76	62	54	1
326	118	98	22	2
327	96	63	42	2
328	87	71	41	1
329	118	67	32	1
330	86	70	42	1
331	72	65	54	1
332	108	52	45	1
333	98	95	27	1
334	112	66	34	2
335	112	51	44	1
336	112	68	33	1
337	115	75	29	3
338	111	75	30	1
339	88	63	45	1
340	100	53	47	1
341	68	61	60	1
342	115	90	24	1
343	86	76	38	3
344	75	58	57	2
345	109	81	28	1
346	67	67	55	2
347	108	57	40	1
348	108	76	30	2
349	78	64	49	1
350	105	80	29	1
351	119	73	28	2
352	93	93	28	2
353	91	76	35	1
354	73	69	48	1
355	95	65	39	3
356	77	59	53	2
357	79	74	41	1
358	83	78	37	2
359	90	76	35	3
360	67	66	54	1
361	74	67	48	1
362	99	80	30	2
363	87	70	39	1
364	117	52	39	1
365	98	55	44	2
366	99	52	46	1
367	77	75	41	1
368	79	68	44	1
369	97	58	42	2
370	118	54	37	2
371	93	72	35	1
372	71	66	50	1
373	78	71	42	1
374	82	63	45	1
375	75	72	43	2
376	92	60	42	2
377	103	51	44	1
378	79	68	43	1
379	99	53	44	1
380	72	68	47	1
381	95	67	36	1
382	71	67	48	1
383	78	73	40	2
384	78	71	41	1
385	94	65	37	1
386	103	73	30	1
387	71	61	52	2
388	102	71	31	1
389	77	62	47	2
390	98	52	44	1
391	98	88	26	1
392	83	73	37	1
393	87	80	32	1
394	96	61	38	2
395	99	66	34	1
396	85	67	39	1
397	82	60	45	1
398	79	65	43	1
399	76	63	46	2
400	94	52	45	1
401	92	66	36	1
402	77	69	41	3
403	100	66	33	1
404	76	57	50	1
405	119	65	28	1
406	76	58	49	3
407	62	60	58	2
408	62	61	57	1
409	70	57	54	1
410	85	84	30	2
411	64	63	53	2
412	77	77	36	2
413	85	57	44	2
414	111	60	32	2
415	97	81	27	1
416	83	52	49	2
417	118	64	28	1
418	109	45	43	3
419	104	78	26	1
420	84	58	43	1
421	88	58	41	2
422	81	56	46	1
423	89	78	30	1
424	79	56	47	1
425	85	66	37	1
426	113	51	36	2
427	86	65	37	1
428	81	58	44	1
429	102	45	45	1
430	84	70	35	1
431	82	66	38	1
432	74	59	47	1
433	87	62	38	1
434	79	74	35	1
435	94	62	35	1
436	98	65	32	1
437	109	55	34	2
438	112	79	23	1
439	98	46	45	1
440	75	75	36	1
441	79	64	40	2
442	75	64	42	2
443	80	74	34	1
444	116	51	34	1
445	91	69	32	1
446	83	78	31	1
447	76	60	44	1
448	118	68	25	1
449	83	71	34	2
450	69	63	46	1
451	94	59	36	2
452	98	55	37	1
453	96	83	25	1
454	67	55	54	1
455	98	92	22	1
456	108	59	31	1
457	81	58	42	1
458	75	61	43	3
459	100	56	35	1
460	71	60	46	1
461	113	51	34	2
462	119	47	35	1
463	97	67	30	1
464	61	57	56	1
465	92	47	45	1
466	95	66	31	1
467	92	64	33	1
468	73	59	45	1
469	116	45	37	1
470	94	79	26	2
471	64	58	52	3
472	86	68	33	1
473	109	63	28	1
474	100	62	31	1
475	67	55	52	1
476	76	56	45	3
477	72	52	51	1
478	71	57	47	2
479	86	55	40	1
480	99	53	36	1
481	117	52	31	1
482	87	83	26	1
483	98	66	29	2
484	73	57	45	2
485	113	46	36	1
486	62	59	51	1
487	74	60	42	2
488	88	54	39	2
489	70	54	49	1
490	95	54	36	1
491	79	63	37	1
492	84	78	28	1
493	109	73	23	1
494	77	54	44	1
495	103	71	25	2
496	94	54	36	2
497	83	50	44	1
498	91	50	40	1
499	57	57	56	1
500	83	73	30	2
501	66	64	43	1
502	89	60	34	1
503	116	46	34	1
504	120	47	32	1
505	64	60	47	1
506	105	49	35	1
507	88	68	30	2
508	99	46	39	3
509	78	65	35	1
510	88	67	30	2
511	62	57	50	1
512	70	63	40	1
513	83	47	45	2
514	75	57	41	1
515	70	61	41	1
516	80	52	42	1
517	85	57	36	1
518	67	53	49	1
519	103	58	29	1
520	99	46	38	2
521	96	60	30	1
522	82	54	39	2
523	79	59	37	2
524	103	54	31	2
525	78	48	46	2
526	64	56	48	1
527	88	59	33	2
528	62	55	50	2
529	72	55	43	1
530	101	80	21	1
531	100	47	36	1
532	84	61	33	1
533	90	75	25	1
534	74	53	43	2
535	75	62	36	1
536	83	63	32	1
537	107	40	39	2
538	71	69	34	2
539	97	44	39	3
540	88	61	31	1
541	67	59	42	1
542	64	54	48	2
543	74	64	35	1
544	74	56	40	1
545	65	51	50	1
546	77	67	32	1
547	98	73	23	1
548	97	53	32	1
549	74	57	39	3
550	79	61	34	1
551	83	58	34	1
552	73	64	35	2
553	76	50	43	1
554	67	64	38	1
555	73	72	31	1
556	83	56	35	2
557	71	48	47	1
558	93	42	41	1
559	86	60	31	2
560	90	88	20	2
561	75	54	39	2
562	98	64	25	2
563	58	53	51	1
564	87	46	39	1
565	65	50	48	1
566	76	57	36	1
567	76	54	38	1
568	76	50	41	1
569	79	48	41	1
570	114	47	29	1
571	69	50	45	1
572	94	55	30	1
573	98	79	20	3
574	66	51	46	1
575	75	49	42	1
576	78	68	29	3
577	86	51	35	1
578	88	67	26	1
579	80	66	29	1
580	67	60	38	2
581	99	64	24	1
582	71	61	35	2
583	87	60	29	1
584	110	43	32	1
585	64	55	43	2
586	80	54	35	3
587	80	65	29	1
588	107	67	21	2
589	57	55	48	1
590	86	53	33	1
591	92	51	32	1
592	85	42	42	1
593	93	62	26	2
594	66	63	36	3
595	90	83	20	1
596	60	55	45	2
597	63	62	38	1
598	119	46	27	1
599	81	48	38	2
600	70	57	37	1
601	71	63	33	2
602	73	48	42	2
603	90	65	25	2
604	76	74	26	1
605	96	47	32	1
606	95	54	28	3
607	76	70	27	1
608	67	63	34	2
609	82	50	35	1
610	93	67	23	1
611	65	55	40	2
612	81	55	32	1
613	63	49	46	1
614	70	52	39	1
615	111	49	26	3
616	72	53	37	2
617	80	49	36	1
618	79	71	25	1
619	106	40	33	1
620	70	54	37	2
621	96	44	33	1
622	68	66	31	1
623	112	59	21	1
624	80	51	34	1
625	66	50	42	3
626	71	61	32	1
627	84	47	35	1
628	54	52	49	1
629	79	62	28	1
630	68	61	33	1
631	105	37	35	1
632	86	51	31	2
633	78	58	30	1
634	60	55	41	1
635	97	48	29	1
636	60	59	38	1
637	71	63	30	1
638	57	56	42	2
639	69	51	38	1
640	99	54	25	1
641	108	44	28	1
642	79	56	30	2
643	103	39	33	1
644	64	46	45	1
645	97	44	31	2
646	90	49	30	2
647	94	54	26	1
648	68	45	43	1
649	115	52	22	2
650	71	56	33	1
651	107	49	25	1
652	52	51	49	1
653	57	49	46	1
654	71	67	27	2
655	93	60	23	2
656	61	50	42	1
657	73	50	35	1
658	90	43	33	1
659	70	65	28	1
660	72	57	31	1
661	99	61	21	2
662	86	46	32	2
663	113	56	20	1
664	90	61	23	1
665	83	49	31	1
666	84	60	25	1
667	96	41	32	1
668	57	48	46	1
669	60	51	41	1
670	94	43	31	2
671	109	41	28	1
672	71	55	32	1
673	72	51	34	1
674	74	42	40	1
675	74	56	30	2
676	84	41	36	2
677	82	54	28	1
678	81	45	34	1
679	87	49	29	1
680	70	43	41	2
681	74	52	32	1
682	57	48	45	1
683	81	47	32	1
684	56	48	45	2
685	64	63	30	1
686	74	43	38	2
687	96	38	33	2
688	76	44	36	1
689	88	39	35	1
690	107	34	33	1
691	99	39	31	2
692	92	50	26	1
693	83	40	36	1
694	66	53	34	3
695	70	47	36	2
696	86	51	27	1
697	74	50	32	1
698	110	43	25	1
699	75	45	35	1
700	64	45	41	2
701	81	66	22	1
702	92	44	29	1
703	89	57	23	2
704	77	56	27	1
705	101	46	25	1
706	80	48	30	3
707	61	48	39	1
708	55	46	45	1
709	71	42	38	2
710	61	44	42	2
711	67	41	41	1
712	108	40	26	3
713	91	44	28	1
714	61	47	39	1
715	117	34	28	1
716	71	49	32	3
717	77	48	30	1
718	73	46	33	1
719	66	54	31	1
720	73	58	26	1
721	99	37	30	1
722	78	38	37	1
723	71	48	32	3
724	115	35	27	3
725	66	47	35	1
726	107	39	26	1
727	91	54	22	1
728	62	58	30	1
729	60	56	32	2
730	79	40	34	2
731	55	54	36	1
732	61	46	38	2
733	55	44	44	1
734	120	34	26	2
735	71	55	27	1
736	57	44	42	1
737	61	44	39	2
738	101	47	22	1
739	73	51	28	1
740	76	38	36	1
741	88	42	28	1
742	89	43	27	1
743	82	57	22	2
744	58	55	32	2
745	98	37	28	1
746	118	43	20	1
747	88	36	32	1
748	60	58	29	1
749	64	60	26	1
750	69	48	30	3
751	56	52	34	1
752	78	63	20	1
753	80	51	24	1
754	61	47	34	1
755	60	60	27	1
756	77	63	20	1
757	93	47	22	1
758	60	50	32	2
759	86	36	31	2
760	54	49	36	1
761	97	35	28	1
762	70	41	33	1
763	57	55	30	1
764	93	36	28	1
765	81	34	34	2
766	78	60	20	1
767	120	30	26	1
768	65	53	27	1
769	99	39	24	1
770	111	36	23	1
771	60	51	30	1
772	52	49	36	1
773	67	39	35	1
774	69	49	27	2
775	67	59	23	2
776	49	48	38	1
777	93	31	31	1
778	52	52	33	2
779	52	45	38	1
780	61	48	30	1
781	56	49	32	1
782	109	32	25	2
783	101	33	26	1
784	53	45	36	1
785	70	37	33	1
786	53	46	35	1
787	86	32	31	3
788	72	37	32	1
789	63	42	32	2
790	80	44	24	1
791	59	42	34	2
792	81	40	26	3
793	83	44	23	1
794	65	49	26	1
795	75	48	23	1
796	98	29	29	1
797	74	37	30	1
798	68	44	27	1
799	89	45	20	1
800	51	49	32	2
801	85	39	24	1
802	60	40	33	1
803	101	30	26	2
804	55	46	31	1
805	69	39	29	1
806	98	33	24	1
807	60	38	34	1
808	70	41	27	2
809	55	54	26	1
810	52	41	36	1
811	65	56	21	1
812	53	40	36	1
813	68	34	33	1
814	67	43	26	1
815	81	33	28	1
816	80	32	29	1
817	77	32	30	1
818	66	36	31	2
819	59	40	31	1
820	54	41	33	1
821	54	54	25	1
822	84	39	22	1
823	80	30	30	1
824	64	35	32	2
825	59	35	34	1
826	64	36	30	2
827	49	47	30	1
828	53	40	32	3
829	75	43	21	2
830	52	52	25	2
831	96	32	22	1
832	59	52	22	3
833	44	39	39	1
834	95	27	26	2
835	69	46	21	1
836	68	35	28	1
837	61	36	30	1
838	76	33	26	1
839	51	44	29	2
840	56	35	33	1
841	61	34	31	1
842	63	39	26	1
843	57	37	30	1
844	101	26	24	2
845	66	34	28	1
846	45	41	34	3
847	61	41	25	1
848	119	25	21	2
849	41	40	38	2
850	73	37	23	1
851	118	25	21	1
852	47	36	36	1
853	41	39	38	3
854	47	40	32	2
855	50	34	34	2
856	71	32	25	2
857	65	30	29	1
858	42	42	32	2
859	52	37	29	1
860	45	44	28	2
861	44	36	35	1
862	91	25	24	1
863	57	33	29	2
864	42	38	34	1
865	52	37	28	1
866	61	42	21	1
867	48	36	31	1
868	61	43	20	3
869	52	33	30	1
870	76	26	26	2
871	50	41	25	1
872	50	32	32	2
873	58	32	27	1
874	52	47	20	1
875	67	33	22	1
876	71	30	22	1
877	55	31	27	1
878	53	32	27	1
879	49	36	25	2
880	47	36	26	2
881	40	34	32	1
882	41	33	31	1
883	47	37	24	1
884	38	37	29	1
885	79	25	20	1
886	45	43	20	1
887	39	32	31	3
888	43	30	28	1
889	34	32	31	2
890	36	34	25	1
891	40	33	23	2
892	42	34	21	2
893	36	30	27	1
894	42	33	21	1
895	39	28	24	1
896	49	25	21	2
897	35	34	21	1
898	40	26	23	1
899	33	25	23	1
