Mack/Bortfeldt(2008)
Bin-Packing-Problem
BP-RG/SBSBPP/SSSCSP
Testcase-ID	2
Problem-ID	123
no_item_types	800
no_items	1181
CONTAINER_DATA (l,w,h)	587	233	220
ITEMS_DATA:
Type	x	y	z	no_items
1	117	96	80	1
2	118	93	80	2
3	118	98	70	1
4	100	99	80	1
5	118	94	68	2
6	103	100	72	1
7	109	93	72	1
8	107	86	79	1
9	104	93	72	2
10	106	93	70	4
11	99	88	79	1
12	120	94	61	1
13	116	79	74	1
14	102	92	72	1
15	117	88	65	1
16	101	96	65	1
17	113	88	63	4
18	100	97	64	1
19	107	100	58	1
20	101	83	74	1
21	103	84	71	1
22	110	93	60	1
23	92	83	80	1
24	107	87	65	2
25	116	85	61	1
26	96	88	70	2
27	95	85	73	1
28	87	84	80	2
29	87	86	78	1
30	120	88	55	2
31	103	78	72	3
32	103	89	63	1
33	108	75	71	2
34	101	99	57	2
35	109	79	66	1
36	101	75	75	1
37	98	78	74	1
38	91	82	75	3
39	105	74	72	2
40	99	78	72	1
41	113	70	70	3
42	95	92	63	1
43	114	90	53	2
44	110	93	53	1
45	109	76	65	2
46	99	90	60	1
47	109	94	52	1
48	117	81	56	2
49	115	72	64	2
50	113	78	60	2
51	114	77	60	2
52	97	75	72	1
53	85	80	77	2
54	84	83	75	4
55	115	71	64	2
56	102	73	70	1
57	95	87	63	2
58	106	72	68	1
59	106	96	51	1
60	119	72	60	1
61	89	77	75	1
62	115	95	47	1
63	119	74	58	2
64	87	78	75	2
65	112	76	58	1
66	87	77	73	1
67	94	72	72	1
68	110	75	59	1
69	119	77	53	2
70	92	80	65	2
71	108	82	54	1
72	104	71	64	2
73	99	75	63	2
74	98	90	53	1
75	106	80	55	2
76	113	67	61	1
77	95	78	62	4
78	92	78	64	1
79	100	74	62	2
80	102	69	65	1
81	80	77	74	1
82	103	68	65	1
83	109	69	60	2
84	105	67	63	1
85	120	67	55	1
86	93	73	65	1
87	106	99	42	1
88	109	68	59	3
89	101	94	46	1
90	99	72	61	1
91	119	76	48	1
92	112	79	49	1
93	96	90	50	2
94	93	76	61	3
95	91	75	63	1
96	97	96	46	1
97	95	68	66	2
98	89	88	54	1
99	95	75	59	3
100	119	88	40	1
101	100	93	45	1
102	116	72	50	2
103	108	84	46	2
104	83	77	65	2
105	89	86	54	1
106	93	75	59	1
107	112	68	54	1
108	84	73	67	2
109	116	98	36	1
110	109	73	51	1
111	99	91	45	2
112	86	69	68	2
113	118	81	42	1
114	120	71	47	1
115	82	76	64	1
116	103	79	49	1
117	98	65	62	1
118	99	71	56	1
119	105	72	52	1
120	98	91	44	2
121	97	91	44	2
122	95	67	61	2
123	96	72	56	1
124	92	78	53	1
125	84	79	57	1
126	98	96	40	1
127	89	75	56	2
128	103	74	49	1
129	93	73	55	2
130	89	73	57	1
131	85	66	66	2
132	99	85	44	1
133	81	69	66	3
134	88	79	53	1
135	87	83	51	2
136	113	88	37	4
137	84	74	59	2
138	93	73	54	1
139	101	74	49	2
140	118	66	47	1
141	91	83	48	2
142	102	67	53	1
143	110	67	49	1
144	88	73	56	2
145	110	76	43	1
146	94	69	55	1
147	113	63	50	1
148	98	93	39	1
149	80	70	63	2
150	91	76	51	1
151	80	71	62	2
152	115	85	36	1
153	120	65	45	2
154	101	63	55	1
155	88	75	53	1
156	86	71	57	2
157	89	78	50	2
158	101	76	45	2
159	93	79	47	1
160	96	62	58	1
161	85	71	57	1
162	92	89	42	1
163	80	74	58	2
164	99	77	45	3
165	73	72	65	1
166	83	73	56	1
167	97	76	46	4
168	94	69	52	1
169	76	75	59	2
170	96	81	43	1
171	104	63	51	1
172	99	91	37	3
173	95	92	38	1
174	102	88	37	1
175	99	78	43	1
176	116	89	32	1
177	86	64	60	1
178	103	78	41	2
179	80	72	57	2
180	72	71	63	1
181	81	75	53	1
182	103	61	51	1
183	91	88	40	2
184	78	65	63	2
185	73	69	63	2
186	88	68	53	3
187	84	71	53	1
188	87	77	47	1
189	107	60	49	1
190	100	68	46	1
191	80	71	55	2
192	94	69	48	1
193	105	87	34	2
194	91	62	55	1
195	103	94	32	1
196	98	79	40	1
197	87	71	50	2
198	79	71	55	1
199	99	76	41	1
200	91	69	49	2
201	98	73	43	3
202	120	53	48	1
203	119	71	36	1
204	107	66	43	2
205	109	87	32	1
206	117	54	48	1
207	108	90	31	1
208	91	58	57	2
209	81	70	53	1
210	70	66	65	1
211	81	71	52	1
212	120	69	36	1
213	99	64	47	1
214	73	69	59	1
215	83	70	51	1
216	101	86	34	3
217	77	66	58	2
218	94	58	54	2
219	84	73	48	1
220	86	62	55	1
221	99	82	36	1
222	83	64	55	2
223	77	64	59	2
224	97	81	37	1
225	100	69	42	1
226	73	66	60	1
227	89	58	56	1
228	100	74	39	2
229	108	74	36	3
230	101	58	49	2
231	97	95	31	1
232	98	58	50	1
233	67	67	63	1
234	77	63	58	1
235	90	60	52	2
236	74	70	54	2
237	86	65	50	1
238	113	70	35	1
239	106	58	45	1
240	106	93	28	1
241	72	66	58	2
242	87	62	51	2
243	104	66	40	1
244	89	58	53	2
245	77	67	53	2
246	78	73	48	1
247	118	89	26	1
248	92	74	40	1
249	106	57	45	1
250	76	70	51	2
251	112	71	34	1
252	100	54	50	1
253	93	69	42	1
254	80	78	43	1
255	114	71	33	1
256	79	60	56	1
257	85	66	47	1
258	68	68	57	2
259	94	80	35	1
260	113	80	29	1
261	88	55	54	2
262	107	66	37	2
263	102	51	50	2
264	112	54	43	3
265	93	65	43	3
266	83	71	44	1
267	72	69	52	1
268	75	66	52	3
269	101	52	49	1
270	96	67	40	1
271	95	56	48	1
272	86	76	39	1
273	79	75	43	1
274	109	57	41	2
275	71	64	56	2
276	99	57	45	2
277	93	91	30	2
278	89	62	46	2
279	74	70	49	1
280	67	63	60	1
281	109	58	40	1
282	110	85	27	3
283	75	58	58	1
284	115	51	43	2
285	104	69	35	1
286	93	87	31	2
287	86	71	41	1
288	119	51	41	1
289	93	89	30	2
290	87	57	50	1
291	86	70	41	2
292	104	74	32	1
293	80	58	53	2
294	119	71	29	1
295	71	69	50	1
296	94	65	40	1
297	85	70	41	2
298	91	67	40	2
299	78	71	44	1
300	98	54	46	1
301	98	65	38	1
302	94	66	39	1
303	106	67	34	1
304	87	73	38	2
305	84	70	41	1
306	105	53	43	1
307	85	67	42	1
308	113	92	23	2
309	103	58	40	1
310	64	63	59	1
311	97	57	43	1
312	72	60	55	2
313	89	72	37	2
314	88	64	42	1
315	79	71	42	1
316	96	72	34	2
317	100	94	25	1
318	87	73	37	2
319	120	89	22	1
320	89	75	35	2
321	103	63	36	2
322	87	61	44	1
323	102	88	26	1
324	87	57	47	1
325	94	75	33	1
326	67	62	56	2
327	83	80	35	1
328	77	58	52	4
329	115	72	28	1
330	69	67	50	2
331	107	83	26	1
332	81	57	50	1
333	115	59	34	3
334	90	61	42	1
335	119	45	43	1
336	82	72	39	1
337	74	61	51	1
338	111	71	29	2
339	106	77	28	1
340	69	58	57	2
341	75	66	46	1
342	66	65	53	1
343	73	66	47	1
344	66	59	58	1
345	98	64	36	2
346	84	79	34	1
347	102	85	26	1
348	116	67	29	1
349	67	59	57	1
350	115	50	39	2
351	88	67	38	1
352	88	62	41	1
353	97	96	24	1
354	98	63	36	1
355	114	59	33	2
356	98	58	39	1
357	93	82	29	2
358	98	49	46	2
359	79	65	43	2
360	65	64	53	2
361	106	99	21	2
362	98	59	38	1
363	98	72	31	1
364	100	81	27	3
365	73	65	46	2
366	75	58	50	1
367	108	91	22	1
368	104	56	37	1
369	76	69	41	4
370	65	60	55	1
371	114	57	33	1
372	103	56	37	2
373	76	55	51	1
374	80	72	37	3
375	74	56	51	2
376	68	66	47	2
377	77	72	38	1
378	84	51	49	1
379	71	59	50	2
380	79	60	44	1
381	86	62	39	2
382	99	75	28	2
383	84	75	33	1
384	78	74	36	1
385	98	48	44	2
386	118	46	38	2
387	93	65	34	2
388	68	58	52	2
389	99	47	44	1
390	70	55	53	2
391	75	68	40	1
392	95	67	32	1
393	86	59	40	1
394	75	66	41	1
395	98	69	30	1
396	99	64	32	1
397	81	61	41	1
398	119	68	25	1
399	108	52	36	3
400	98	54	38	1
401	70	61	47	1
402	116	48	36	1
403	99	88	23	1
404	84	54	44	4
405	91	51	43	3
406	109	59	31	1
407	82	81	30	1
408	97	54	38	1
409	71	68	41	1
410	91	87	25	1
411	86	59	39	1
412	70	67	42	1
413	100	70	28	1
414	70	68	41	1
415	70	66	42	1
416	118	53	31	1
417	108	64	28	1
418	110	65	27	1
419	119	45	36	1
420	86	56	40	1
421	79	76	32	2
422	60	57	56	1
423	66	58	50	1
424	94	55	37	1
425	62	59	52	1
426	94	61	33	1
427	66	55	52	2
428	75	74	34	2
429	63	61	49	1
430	83	73	31	1
431	98	53	36	2
432	86	60	36	2
433	74	66	38	1
434	75	56	44	1
435	110	62	27	1
436	108	55	31	1
437	100	46	40	3
438	74	67	37	1
439	104	88	20	1
440	106	75	23	1
441	69	63	42	1
442	73	61	41	1
443	116	49	32	1
444	91	54	37	1
445	93	85	23	1
446	92	52	38	1
447	81	66	34	1
448	74	51	48	3
449	70	55	47	2
450	89	58	35	1
451	68	60	44	1
452	111	49	33	1
453	113	49	32	1
454	80	67	33	1
455	64	60	46	1
456	69	51	50	1
457	77	60	38	1
458	76	59	39	2
459	90	69	28	1
460	83	72	29	1
461	77	75	30	3
462	96	64	28	2
463	106	49	33	1
464	106	52	31	1
465	70	61	40	1
466	107	55	29	1
467	63	53	51	1
468	85	80	25	2
469	68	59	42	2
470	72	52	45	1
471	69	58	42	1
472	74	54	42	3
473	76	55	40	2
474	117	46	31	1
475	89	78	24	1
476	97	44	39	1
477	100	64	26	1
478	72	66	35	2
479	80	74	28	1
480	69	49	49	3
481	118	61	23	2
482	107	57	27	1
483	100	47	35	1
484	68	62	39	1
485	79	63	33	1
486	66	59	42	2
487	60	59	46	1
488	114	51	28	1
489	111	54	27	3
490	61	53	50	1
491	97	64	26	1
492	67	51	47	1
493	91	84	21	1
494	89	47	38	2
495	77	48	43	1
496	58	57	48	1
497	68	53	44	1
498	90	88	20	2
499	66	60	40	1
500	77	50	41	2
501	87	53	34	1
502	84	81	23	2
503	103	69	22	1
504	72	48	45	3
505	86	43	42	2
506	68	67	34	1
507	79	49	40	2
508	97	61	26	1
509	69	60	37	2
510	73	51	41	1
511	95	50	32	1
512	86	57	31	1
513	96	79	20	2
514	104	52	28	1
515	119	47	27	1
516	75	49	41	1
517	112	48	28	2
518	78	71	27	1
519	86	51	34	2
520	80	69	27	1
521	76	70	28	1
522	75	60	33	1
523	92	62	26	2
524	75	52	38	1
525	92	47	34	2
526	99	55	27	1
527	86	46	37	2
528	74	47	42	1
529	65	51	44	2
530	105	69	20	1
531	96	52	29	2
532	78	44	42	1
533	80	50	36	1
534	67	67	32	1
535	79	50	36	2
536	77	45	41	1
537	75	54	35	1
538	56	55	46	1
539	83	63	27	1
540	74	56	34	1
541	101	48	29	1
542	54	52	50	1
543	56	51	49	3
544	84	64	26	2
545	93	50	30	1
546	79	63	28	1
547	99	56	25	1
548	105	47	28	1
549	73	61	31	1
550	66	55	38	1
551	96	59	24	1
552	74	51	36	4
553	52	52	50	1
554	78	72	24	2
555	79	53	32	1
556	71	65	29	3
557	64	52	40	1
558	67	64	31	1
559	54	50	49	1
560	80	57	29	2
561	74	54	33	1
562	60	56	39	1
563	90	38	38	2
564	78	45	37	2
565	113	41	28	1
566	81	42	38	1
567	61	49	43	3
568	78	61	27	1
569	79	60	27	1
570	103	46	27	2
571	64	54	37	2
572	59	47	46	1
573	82	62	25	1
574	66	64	30	1
575	67	61	31	1
576	86	64	23	2
577	78	54	30	2
578	75	56	30	2
579	100	42	30	3
580	91	53	26	1
581	92	47	29	2
582	83	43	35	2
583	63	55	36	1
584	66	48	39	3
585	71	47	37	1
586	63	63	31	1
587	75	42	39	1
588	77	43	37	1
589	60	51	40	1
590	70	46	38	2
591	66	43	43	3
592	80	49	31	1
593	102	35	34	3
594	86	70	20	1
595	78	55	28	1
596	107	56	20	1
597	66	49	37	3
598	71	60	28	1
599	59	56	36	1
600	75	51	31	1
601	74	72	22	1
602	96	61	20	1
603	76	55	28	2
604	63	50	37	2
605	96	39	31	1
606	92	42	30	3
607	61	50	38	1
608	83	46	30	1
609	102	51	22	1
610	64	54	33	4
611	67	50	34	1
612	87	45	29	1
613	63	50	36	2
614	63	58	31	1
615	69	63	26	1
616	71	53	30	1
617	62	55	33	2
618	85	44	30	2
619	62	56	32	1
620	96	35	33	1
621	109	35	29	1
622	79	56	25	1
623	53	48	43	1
624	78	48	29	1
625	64	53	32	1
626	106	32	32	3
627	82	55	24	1
628	117	42	22	1
629	73	51	29	1
630	56	47	41	1
631	56	48	40	1
632	99	35	31	1
633	53	46	44	2
634	96	36	31	1
635	78	38	36	2
636	69	59	26	3
637	98	40	27	1
638	65	46	35	1
639	106	34	29	1
640	60	56	31	1
641	89	40	29	1
642	94	52	21	2
643	76	56	24	1
644	95	43	25	1
645	74	53	26	1
646	55	50	37	1
647	54	47	40	2
648	71	49	29	2
649	51	46	43	2
650	57	57	31	1
651	53	50	38	2
652	63	51	31	1
653	64	62	25	1
654	60	41	40	1
655	62	44	36	1
656	57	42	41	1
657	54	49	37	1
658	104	39	24	1
659	72	45	30	1
660	73	38	35	2
661	57	46	37	2
662	68	57	25	1
663	87	53	21	2
664	56	54	32	3
665	50	46	42	1
666	99	36	27	1
667	52	50	37	1
668	88	42	26	2
669	93	41	25	2
670	78	47	26	1
671	100	38	25	1
672	77	49	25	4
673	61	45	34	1
674	56	49	34	2
675	97	31	31	2
676	57	51	32	3
677	87	41	26	1
678	58	51	31	2
679	99	33	28	3
680	68	42	32	1
681	70	59	22	3
682	66	43	32	3
683	61	51	29	2
684	64	39	36	2
685	67	44	30	1
686	85	40	26	1
687	72	51	24	1
688	59	40	37	2
689	47	44	42	1
690	69	39	32	2
691	57	47	32	3
692	86	45	22	1
693	73	43	27	1
694	57	53	28	1
695	82	33	31	1
696	45	43	43	1
697	78	38	28	1
698	83	37	27	1
699	53	46	34	2
700	57	44	33	1
701	63	50	26	1
702	71	37	31	3
703	73	37	30	3
704	90	39	23	2
705	73	48	23	1
706	76	46	23	2
707	62	38	34	2
708	87	35	26	1
709	55	53	27	2
710	56	54	26	1
711	47	44	38	2
712	51	44	35	1
713	52	43	35	1
714	96	35	23	2
715	71	34	32	1
716	68	39	29	3
717	69	37	30	1
718	102	30	25	1
719	79	32	30	1
720	108	27	26	1
721	85	42	21	1
722	63	36	33	1
723	71	35	30	1
724	79	41	23	2
725	58	47	27	2
726	67	34	32	1
727	55	41	32	2
728	71	37	27	1
729	75	35	27	4
730	74	34	28	2
731	87	38	21	1
732	72	31	31	1
733	55	37	34	4
734	73	41	23	2
735	99	33	21	1
736	60	38	30	1
737	88	37	21	1
738	54	45	28	1
739	72	33	28	2
740	74	39	23	2
741	54	47	26	2
742	59	41	27	3
743	44	43	34	2
744	56	44	26	1
745	55	43	27	1
746	59	38	28	1
747	93	28	24	1
748	56	48	23	2
749	64	40	24	1
750	92	29	23	2
751	61	37	27	1
752	51	42	28	1
753	49	42	29	1
754	59	42	24	1
755	55	40	27	2
756	67	40	22	2
757	54	43	25	2
758	46	37	34	2
759	53	35	31	1
760	76	28	27	3
761	61	31	30	3
762	63	30	30	2
763	63	39	23	1
764	43	41	32	1
765	60	36	26	2
766	87	32	20	2
767	48	42	27	1
768	74	28	26	1
769	60	33	26	1
770	40	40	32	1
771	44	44	26	2
772	48	37	28	1
773	74	29	23	1
774	39	36	35	1
775	49	32	30	2
776	41	40	28	1
777	59	31	25	2
778	62	32	23	2
779	41	37	29	1
780	66	33	20	1
781	45	38	25	2
782	48	38	23	1
783	51	29	28	2
784	58	31	23	2
785	38	35	31	1
786	39	35	30	2
787	42	39	25	1
788	46	42	21	1
789	44	31	29	2
790	61	29	22	4
791	55	35	20	1
792	36	36	29	1
793	44	34	25	1
794	35	34	31	2
795	45	33	24	2
796	45	30	26	1
797	48	27	26	1
798	40	37	22	2
799	54	29	20	2
800	38	31	26	1
