Mack/Bortfeldt(2008)
Bin-Packing-Problem
BP-RG/SBSBPP/SSSCSP
Testcase-ID	2
Problem-ID	102
no_item_types	598
no_items	1194
CONTAINER_DATA (l,w,h)	587	233	220
ITEMS_DATA:
Type	x	y	z	no_items
1	120	89	77	2
2	113	100	72	1
3	119	79	79	1
4	108	97	70	1
5	113	83	76	3
6	100	90	79	2
7	111	81	77	2
8	108	86	74	1
9	98	94	74	1
10	120	92	61	1
11	103	97	67	2
12	111	90	67	4
13	114	82	71	1
14	99	98	68	3
15	111	86	69	2
16	112	97	59	1
17	93	89	76	2
18	119	81	65	1
19	97	88	72	3
20	120	80	64	1
21	99	84	73	3
22	101	91	66	2
23	111	80	68	4
24	92	89	73	1
25	115	85	60	3
26	99	82	72	1
27	114	93	55	3
28	99	89	66	1
29	109	73	73	1
30	110	74	71	5
31	107	77	70	3
32	100	83	69	2
33	96	80	74	1
34	117	79	61	2
35	111	93	54	2
36	103	79	68	2
37	119	76	61	1
38	93	80	74	3
39	115	92	52	5
40	87	79	79	1
41	102	99	53	3
42	114	78	60	3
43	104	80	63	1
44	102	95	54	2
45	114	90	51	1
46	91	87	64	3
47	106	80	59	2
48	93	90	59	1
49	97	77	66	2
50	95	84	61	2
51	105	71	65	4
52	89	77	70	4
53	99	88	55	2
54	116	70	59	2
55	113	78	54	2
56	96	75	66	2
57	91	79	66	4
58	98	93	52	1
59	108	69	63	4
60	105	70	63	1
61	89	85	61	1
62	86	78	68	1
63	80	78	73	3
64	83	83	66	1
65	99	68	67	1
66	99	71	64	4
67	104	69	62	3
68	82	75	72	1
69	94	70	67	2
70	90	74	66	1
71	98	80	56	1
72	95	71	65	2
73	95	80	57	3
74	88	72	68	1
75	110	100	39	2
76	82	78	67	2
77	79	76	71	2
78	96	87	51	1
79	118	75	48	2
80	82	77	67	4
81	76	75	74	1
82	94	72	62	1
83	104	72	56	2
84	104	64	63	1
85	94	91	49	1
86	82	74	69	2
87	77	75	72	3
88	113	75	49	1
89	99	79	53	2
90	98	73	56	4
91	108	65	57	2
92	112	70	51	1
93	86	83	56	1
94	96	83	50	2
95	95	71	59	1
96	80	77	64	2
97	106	82	45	2
98	84	76	61	4
99	113	65	53	1
100	120	92	35	2
101	90	78	55	2
102	87	87	51	4
103	81	69	69	4
104	108	60	59	2
105	89	67	64	1
106	99	80	48	1
107	95	70	57	1
108	116	81	40	4
109	117	73	44	2
110	101	93	40	3
111	97	73	53	1
112	96	77	50	1
113	93	81	49	1
114	98	67	56	1
115	118	66	47	2
116	74	72	68	1
117	76	72	66	4
118	120	79	38	3
119	78	71	65	1
120	91	81	48	3
121	104	64	53	2
122	72	71	69	4
123	79	73	61	3
124	101	77	45	6
125	108	90	36	2
126	120	58	50	1
127	109	76	42	1
128	111	76	41	2
129	87	73	54	2
130	113	74	41	2
131	85	67	60	1
132	90	69	55	1
133	94	83	43	1
134	108	72	43	2
135	84	78	51	4
136	78	68	63	1
137	88	88	43	1
138	92	86	42	2
139	87	72	53	1
140	104	72	44	1
141	98	60	56	1
142	74	74	60	3
143	90	64	57	3
144	92	81	44	2
145	119	55	50	1
146	94	60	58	3
147	103	72	44	2
148	118	69	40	1
149	113	72	40	2
150	116	65	43	1
151	90	60	60	2
152	82	70	56	1
153	86	76	49	3
154	82	64	61	3
155	92	80	43	1
156	112	64	43	4
157	73	68	62	2
158	76	65	62	2
159	79	68	57	1
160	91	76	44	4
161	76	69	58	1
162	105	67	43	1
163	76	71	56	2
164	94	73	44	1
165	74	69	59	4
166	99	62	49	1
167	98	71	43	2
168	97	76	40	2
169	93	77	41	3
170	71	70	59	3
171	120	66	37	1
172	104	74	38	2
173	70	68	61	1
174	89	65	50	1
175	120	80	30	1
176	118	58	42	1
177	87	66	50	1
178	90	74	43	1
179	100	54	53	2
180	78	69	53	3
181	74	63	61	1
182	93	71	43	4
183	103	67	41	1
184	83	63	54	2
185	83	79	43	3
186	107	85	31	1
187	86	63	52	1
188	98	87	33	1
189	87	61	53	3
190	120	60	39	2
191	108	70	37	3
192	81	69	50	3
193	80	61	57	2
194	99	62	45	2
195	81	62	55	2
196	73	70	54	2
197	116	99	24	3
198	74	73	51	1
199	89	58	53	3
200	116	84	28	3
201	102	89	30	2
202	113	89	27	4
203	69	69	57	1
204	80	65	52	1
205	90	77	39	1
206	101	86	31	2
207	80	70	48	2
208	71	63	60	2
209	84	59	54	1
210	85	64	49	3
211	87	71	43	1
212	75	62	57	2
213	104	94	27	1
214	78	69	49	3
215	71	70	53	2
216	91	59	49	1
217	88	85	35	3
218	117	72	31	1
219	114	52	44	2
220	70	64	58	3
221	107	55	44	1
222	82	77	41	2
223	83	74	42	2
224	106	81	30	2
225	86	68	44	4
226	94	57	48	2
227	72	70	51	3
228	77	71	47	3
229	102	66	38	2
230	76	66	51	1
231	98	59	44	1
232	74	66	52	4
233	83	71	43	2
234	89	66	43	2
235	99	51	50	2
236	91	77	36	1
237	90	73	38	1
238	80	74	42	2
239	72	69	50	2
240	90	70	39	2
241	71	64	54	2
242	96	91	28	2
243	88	63	44	1
244	75	66	49	2
245	101	57	42	6
246	100	73	33	2
247	96	57	44	2
248	72	71	47	2
249	101	54	44	2
250	93	78	33	2
251	82	69	42	1
252	97	94	26	4
253	89	68	39	2
254	91	68	38	2
255	83	64	44	3
256	75	66	47	2
257	98	91	26	3
258	91	67	38	1
259	116	83	24	2
260	116	55	36	1
261	102	64	35	1
262	81	74	38	2
263	69	66	50	2
264	108	75	28	2
265	91	80	31	1
266	119	59	32	2
267	99	63	36	1
268	112	87	23	1
269	77	59	49	1
270	92	51	47	1
271	73	58	52	2
272	92	77	31	2
273	100	61	36	3
274	68	62	52	4
275	77	58	49	1
276	81	69	39	1
277	112	54	36	1
278	106	51	40	1
279	92	51	46	3
280	68	66	48	2
281	100	58	37	2
282	98	57	38	2
283	90	62	38	1
284	110	47	41	1
285	92	62	37	1
286	107	73	27	1
287	76	73	38	1
288	97	83	26	2
289	114	68	27	4
290	109	48	40	4
291	112	69	27	3
292	111	55	34	2
293	79	57	46	2
294	96	65	33	2
295	84	61	40	1
296	113	45	40	2
297	94	49	44	2
298	95	79	27	2
299	85	58	41	3
300	78	55	47	1
301	77	58	45	2
302	106	57	33	1
303	99	61	33	1
304	67	63	47	3
305	114	60	29	1
306	81	61	40	3
307	103	91	21	1
308	91	72	30	2
309	119	61	27	1
310	102	54	35	5
311	107	75	24	2
312	114	51	33	1
313	103	64	29	1
314	72	63	42	2
315	116	41	40	1
316	107	71	25	2
317	99	58	33	3
318	75	63	40	1
319	71	59	45	1
320	76	67	37	1
321	93	47	43	3
322	108	60	29	2
323	71	64	41	4
324	80	58	40	2
325	66	62	45	1
326	78	62	38	1
327	84	84	26	1
328	67	65	42	1
329	117	78	20	1
330	101	72	25	3
331	120	47	32	1
332	62	57	51	2
333	99	70	26	5
334	76	55	43	2
335	72	58	43	3
336	74	55	44	1
337	72	71	35	2
338	66	53	51	1
339	74	56	43	1
340	70	54	47	2
341	84	64	33	2
342	100	59	30	4
343	79	70	32	2
344	68	54	48	1
345	96	59	31	3
346	108	45	36	2
347	84	74	28	2
348	101	43	40	1
349	73	72	33	3
350	72	65	37	2
351	101	81	21	1
352	79	53	41	2
353	104	55	30	2
354	84	58	35	2
355	103	59	28	3
356	98	62	28	1
357	90	54	35	1
358	67	59	43	2
359	82	74	28	3
360	82	54	38	2
361	87	46	42	2
362	115	54	27	2
363	104	67	24	2
364	93	46	39	2
365	68	57	43	2
366	77	54	40	1
367	104	47	34	3
368	94	52	34	2
369	69	65	37	1
370	94	88	20	2
371	80	54	38	3
372	86	56	34	1
373	91	69	26	3
374	57	54	53	2
375	105	47	33	5
376	100	44	37	1
377	70	58	40	2
378	104	60	26	2
379	92	44	40	1
380	79	55	37	4
381	60	57	47	1
382	106	56	27	3
383	110	47	31	2
384	63	62	41	1
385	93	68	25	1
386	78	47	43	2
387	74	53	40	2
388	73	52	41	1
389	65	57	42	4
390	76	66	31	2
391	79	53	37	2
392	96	62	26	1
393	66	65	36	3
394	106	58	25	2
395	95	70	23	2
396	88	51	34	2
397	89	55	31	4
398	66	56	41	1
399	59	53	48	3
400	90	57	29	2
401	109	47	29	2
402	79	52	36	1
403	64	49	47	4
404	75	49	40	2
405	95	44	35	2
406	73	50	40	5
407	112	52	25	4
408	118	56	22	1
409	70	47	44	2
410	118	47	26	1
411	88	63	26	1
412	76	45	42	1
413	70	50	41	1
414	73	49	40	2
415	70	60	34	2
416	117	61	20	3
417	87	41	40	1
418	97	49	30	2
419	68	59	35	1
420	73	71	27	2
421	94	53	28	2
422	109	53	24	2
423	61	51	44	2
424	56	53	46	1
425	81	58	29	2
426	100	41	33	2
427	64	60	35	1
428	71	61	31	3
429	77	60	29	5
430	107	39	32	2
431	97	43	32	1
432	76	50	35	1
433	85	78	20	3
434	109	45	27	3
435	72	51	36	1
436	87	62	24	2
437	74	53	33	1
438	66	63	31	2
439	75	52	33	3
440	82	49	32	1
441	80	43	37	1
442	72	45	39	2
443	114	41	27	2
444	75	45	37	1
445	65	58	33	1
446	72	52	33	1
447	71	58	30	2
448	72	49	35	2
449	99	43	29	3
450	89	56	24	1
451	71	43	39	2
452	86	43	32	3
453	84	52	27	2
454	80	42	35	2
455	72	48	34	4
456	62	61	31	1
457	58	53	38	1
458	75	43	36	5
459	83	45	31	1
460	63	52	35	1
461	85	39	34	2
462	53	49	43	1
463	67	46	36	2
464	86	56	23	2
465	88	38	33	2
466	109	46	22	3
467	52	47	45	2
468	72	50	30	3
469	57	51	37	2
470	103	36	29	2
471	64	54	31	2
472	90	36	33	1
473	71	60	25	1
474	68	50	31	1
475	75	41	34	1
476	56	53	35	2
477	65	53	30	4
478	114	31	29	2
479	70	43	34	2
480	68	48	31	2
481	78	54	24	2
482	74	47	29	2
483	79	44	29	1
484	109	42	22	1
485	58	56	31	1
486	94	51	21	1
487	61	41	40	1
488	73	42	32	1
489	63	62	25	2
490	89	39	28	2
491	77	45	28	3
492	114	37	23	1
493	100	46	21	1
494	100	48	20	1
495	80	35	34	1
496	102	31	30	3
497	94	40	25	3
498	101	31	30	3
499	52	43	42	1
500	71	41	32	3
501	95	35	28	2
502	78	54	22	2
503	58	51	31	1
504	57	40	40	4
505	106	39	22	2
506	63	45	32	2
507	96	35	27	5
508	68	63	21	2
509	86	36	29	4
510	65	55	25	3
511	80	53	21	2
512	60	57	26	1
513	81	42	26	2
514	65	40	34	1
515	105	32	26	2
516	64	62	22	2
517	55	45	35	3
518	70	41	30	1
519	61	44	32	2
520	75	38	30	2
521	65	57	23	1
522	99	43	20	3
523	56	41	37	2
524	95	33	27	4
525	74	38	30	1
526	60	39	36	2
527	91	33	28	1
528	116	36	20	2
529	64	36	36	1
530	66	39	32	2
531	78	34	31	2
532	44	44	42	1
533	59	53	26	4
534	109	31	24	1
535	84	37	26	1
536	72	36	31	1
537	51	40	39	4
538	82	46	21	1
539	58	43	31	2
540	71	35	31	3
541	63	38	32	4
542	53	48	30	1
543	63	40	30	1
544	64	49	24	2
545	70	50	21	1
546	66	48	23	4
547	56	50	26	2
548	51	47	30	3
549	57	46	27	4
550	55	40	32	2
551	60	45	26	1
552	63	38	29	1
553	42	41	39	2
554	43	40	39	4
555	50	38	35	5
556	63	45	23	2
557	98	33	20	4
558	54	41	29	1
559	59	35	31	3
560	73	31	28	1
561	55	37	31	1
562	53	34	34	2
563	49	39	32	2
564	47	38	34	2
565	74	30	27	2
566	69	31	28	3
567	89	29	23	1
568	71	32	26	2
569	83	33	21	1
570	42	39	35	1
571	59	32	30	4
572	48	35	33	3
573	49	48	23	2
574	66	30	27	3
575	52	32	32	3
576	54	36	27	1
577	78	30	22	2
578	61	35	24	1
579	62	33	25	2
580	56	40	22	1
581	63	37	21	1
582	53	34	26	1
583	48	39	25	2
584	52	36	25	2
585	58	35	23	2
586	83	28	20	3
587	53	43	20	4
588	52	41	21	2
589	44	38	26	1
590	73	29	20	1
591	36	35	33	2
592	41	32	31	2
593	54	33	20	3
594	52	30	22	2
595	41	33	25	2
596	38	29	28	2
597	34	32	27	2
598	38	28	25	1
