Mack/Bortfeldt(2008)
Bin-Packing-Problem
BP-RG/SBSBPP/SSSCSP
Testcase-ID	4
Problem-ID	82
no_item_types	399
no_items	1216
CONTAINER_DATA (l,w,h)	485	131	118
ITEMS_DATA:
Type	x	y	z	no_items
1	120	89	77	4
2	113	100	72	4
3	119	79	79	2
4	108	97	70	3
5	113	83	76	3
6	100	90	79	2
7	98	94	74	3
8	103	97	67	3
9	114	82	71	3
10	99	98	68	1
11	111	86	69	2
12	93	89	76	2
13	119	81	65	3
14	97	88	72	3
15	120	80	64	2
16	111	80	68	2
17	92	89	73	2
18	115	85	60	7
19	114	93	55	4
20	109	73	73	1
21	100	83	69	4
22	96	80	74	2
23	111	93	54	4
24	103	79	68	5
25	119	76	61	4
26	87	79	79	3
27	102	99	53	2
28	114	78	60	6
29	104	80	63	3
30	91	87	64	4
31	106	80	59	4
32	93	90	59	2
33	97	77	66	5
34	95	84	61	2
35	105	71	65	2
36	99	88	55	5
37	113	78	54	3
38	96	75	66	6
39	91	79	66	1
40	108	69	63	5
41	83	83	66	5
42	99	68	67	5
43	99	71	64	2
44	104	69	62	6
45	82	75	72	1
46	94	70	67	3
47	90	74	66	2
48	98	80	56	5
49	95	80	57	3
50	88	72	68	3
51	110	100	39	3
52	79	76	71	3
53	118	75	48	1
54	82	77	67	4
55	94	72	62	5
56	104	72	56	3
57	82	74	69	2
58	77	75	72	2
59	113	75	49	6
60	108	65	57	1
61	112	70	51	2
62	113	65	53	4
63	90	78	55	4
64	87	87	51	6
65	81	69	69	5
66	108	60	59	3
67	89	67	64	3
68	99	80	48	2
69	101	93	40	3
70	97	73	53	5
71	118	66	47	3
72	74	72	68	3
73	76	72	66	3
74	120	79	38	2
75	91	81	48	3
76	79	73	61	2
77	101	77	45	2
78	108	90	36	4
79	120	58	50	2
80	109	76	42	5
81	111	76	41	1
82	113	74	41	3
83	85	67	60	4
84	90	69	55	3
85	84	78	51	4
86	88	88	43	3
87	92	86	42	3
88	87	72	53	3
89	104	72	44	5
90	98	60	56	4
91	74	74	60	3
92	119	55	50	5
93	94	60	58	2
94	103	72	44	4
95	118	69	40	1
96	116	65	43	1
97	90	60	60	3
98	82	70	56	2
99	82	64	61	3
100	112	64	43	5
101	73	68	62	3
102	76	65	62	2
103	91	76	44	2
104	76	69	58	3
105	105	67	43	4
106	76	71	56	2
107	98	71	43	3
108	97	76	40	3
109	71	70	59	4
110	120	66	37	2
111	70	68	61	2
112	89	65	50	5
113	87	66	50	2
114	90	74	43	2
115	78	69	53	2
116	74	63	61	3
117	93	71	43	2
118	103	67	41	3
119	83	63	54	5
120	83	79	43	1
121	107	85	31	2
122	86	63	52	2
123	87	61	53	3
124	120	60	39	2
125	108	70	37	5
126	81	69	50	2
127	80	61	57	5
128	81	62	55	2
129	74	73	51	4
130	102	89	30	2
131	113	89	27	3
132	69	69	57	2
133	80	65	52	2
134	101	86	31	2
135	80	70	48	4
136	84	59	54	5
137	85	64	49	2
138	75	62	57	2
139	104	94	27	2
140	78	69	49	2
141	71	70	53	3
142	88	85	35	1
143	117	72	31	5
144	70	64	58	1
145	107	55	44	2
146	82	77	41	5
147	83	74	42	5
148	106	81	30	3
149	86	68	44	4
150	72	70	51	5
151	77	71	47	2
152	76	66	51	3
153	98	59	44	4
154	83	71	43	4
155	89	66	43	2
156	91	77	36	6
157	90	73	38	4
158	80	74	42	1
159	72	69	50	3
160	71	64	54	3
161	96	91	28	6
162	88	63	44	1
163	101	57	42	5
164	93	78	33	3
165	82	69	42	2
166	89	68	39	5
167	83	64	44	4
168	75	66	47	4
169	91	67	38	3
170	116	83	24	1
171	116	55	36	2
172	102	64	35	3
173	81	74	38	3
174	91	80	31	3
175	99	63	36	3
176	112	87	23	3
177	77	59	49	5
178	73	58	52	6
179	92	77	31	1
180	100	61	36	3
181	68	62	52	1
182	77	58	49	5
183	81	69	39	3
184	112	54	36	1
185	106	51	40	2
186	92	51	46	2
187	68	66	48	2
188	100	58	37	2
189	98	57	38	2
190	90	62	38	1
191	92	62	37	3
192	97	83	26	5
193	114	68	27	5
194	109	48	40	2
195	112	69	27	3
196	79	57	46	1
197	96	65	33	2
198	84	61	40	3
199	113	45	40	2
200	94	49	44	5
201	95	79	27	2
202	85	58	41	5
203	78	55	47	2
204	77	58	45	9
205	106	57	33	2
206	99	61	33	4
207	67	63	47	2
208	81	61	40	4
209	107	75	24	4
210	114	51	33	2
211	103	64	29	3
212	72	63	42	1
213	116	41	40	1
214	107	71	25	7
215	99	58	33	7
216	75	63	40	3
217	76	67	37	1
218	93	47	43	2
219	108	60	29	3
220	71	64	41	3
221	80	58	40	2
222	67	65	42	3
223	117	78	20	4
224	120	47	32	6
225	62	57	51	2
226	99	70	26	2
227	76	55	43	4
228	72	58	43	4
229	72	71	35	1
230	66	53	51	4
231	74	56	43	1
232	70	54	47	2
233	100	59	30	2
234	84	74	28	3
235	101	43	40	3
236	72	65	37	2
237	101	81	21	2
238	79	53	41	3
239	104	55	30	2
240	103	59	28	3
241	90	54	35	4
242	82	54	38	2
243	93	46	39	3
244	77	54	40	1
245	94	52	34	6
246	104	47	34	3
247	69	65	37	5
248	86	56	34	3
249	91	69	26	1
250	100	44	37	3
251	104	60	26	3
252	92	44	40	5
253	60	57	47	2
254	63	62	41	5
255	93	68	25	2
256	78	47	43	2
257	74	53	40	4
258	65	57	42	2
259	76	66	31	3
260	66	65	36	5
261	106	58	25	2
262	95	70	23	1
263	66	56	41	3
264	59	53	48	1
265	90	57	29	2
266	79	52	36	5
267	64	49	47	2
268	75	49	40	7
269	95	44	35	2
270	73	50	40	5
271	112	52	25	3
272	118	56	22	2
273	118	47	26	5
274	88	63	26	2
275	76	45	42	4
276	70	50	41	3
277	73	49	40	2
278	70	60	34	2
279	117	61	20	1
280	87	41	40	2
281	97	49	30	4
282	73	71	27	5
283	109	53	24	2
284	56	53	46	4
285	81	58	29	3
286	100	41	33	2
287	64	60	35	2
288	71	61	31	1
289	97	43	32	2
290	76	50	35	2
291	85	78	20	1
292	74	53	33	3
293	66	63	31	5
294	75	52	33	3
295	72	45	39	2
296	114	41	27	4
297	65	58	33	2
298	72	52	33	3
299	72	49	35	1
300	89	56	24	4
301	71	43	39	2
302	86	43	32	6
303	80	42	35	3
304	72	48	34	4
305	75	43	36	2
306	63	52	35	3
307	85	39	34	3
308	67	46	36	3
309	86	56	23	2
310	109	46	22	4
311	57	51	37	3
312	103	36	29	5
313	90	36	33	4
314	71	60	25	2
315	68	50	31	1
316	56	53	35	5
317	65	53	30	5
318	114	31	29	5
319	70	43	34	5
320	68	48	31	1
321	74	47	29	1
322	109	42	22	2
323	61	41	40	5
324	73	42	32	2
325	77	45	28	2
326	100	46	21	3
327	100	48	20	5
328	102	31	30	3
329	94	40	25	2
330	101	31	30	3
331	71	41	32	4
332	95	35	28	1
333	78	54	22	3
334	58	51	31	3
335	57	40	40	2
336	106	39	22	3
337	86	36	29	3
338	65	55	25	3
339	80	53	21	2
340	60	57	26	3
341	105	32	26	3
342	64	62	22	3
343	55	45	35	2
344	70	41	30	7
345	61	44	32	7
346	75	38	30	2
347	65	57	23	3
348	56	41	37	1
349	95	33	27	4
350	60	39	36	6
351	91	33	28	4
352	116	36	20	2
353	64	36	36	4
354	66	39	32	4
355	44	44	42	4
356	59	53	26	2
357	109	31	24	3
358	72	36	31	2
359	82	46	21	3
360	58	43	31	4
361	71	35	31	2
362	63	38	32	4
363	53	48	30	2
364	64	49	24	2
365	51	47	30	2
366	55	40	32	4
367	60	45	26	3
368	63	38	29	2
369	43	40	39	2
370	50	38	35	2
371	63	45	23	2
372	98	33	20	5
373	59	35	31	3
374	73	31	28	2
375	49	39	32	4
376	47	38	34	3
377	74	30	27	3
378	69	31	28	3
379	89	29	23	2
380	71	32	26	3
381	48	35	33	3
382	49	48	23	1
383	66	30	27	2
384	52	32	32	2
385	54	36	27	1
386	78	30	22	3
387	63	37	21	4
388	53	34	26	4
389	52	36	25	3
390	48	39	25	2
391	58	35	23	3
392	83	28	20	4
393	44	38	26	2
394	73	29	20	7
395	36	35	33	4
396	54	33	20	2
397	52	30	22	5
398	34	32	27	3
399	38	28	25	1
