Mack/Bortfeldt(2008)
Bin-Packing-Problem
BP-RG/SBSBPP/SSSCSP
Testcase-ID	4
Problem-ID	136
no_item_types	900
no_items	1364
CONTAINER_DATA (l,w,h)	485	131	118
ITEMS_DATA:
Type	x	y	z	no_items
1	118	94	76	3
2	107	95	80	1
3	120	82	80	1
4	114	97	71	1
5	113	87	79	2
6	112	97	68	1
7	116	90	70	1
8	120	78	76	1
9	115	88	70	3
10	114	87	71	2
11	104	94	72	2
12	119	93	63	1
13	115	94	64	1
14	106	99	65	1
15	112	79	76	2
16	117	77	74	1
17	114	94	61	1
18	100	81	80	1
19	105	80	77	2
20	93	89	78	1
21	114	84	67	2
22	106	84	72	1
23	108	80	74	1
24	113	87	65	1
25	101	92	67	1
26	110	91	62	2
27	91	85	80	1
28	100	85	71	2
29	98	81	76	2
30	100	80	75	1
31	97	79	78	1
32	104	99	58	1
33	99	78	77	3
34	99	82	73	3
35	98	86	70	3
36	93	86	73	1
37	110	85	62	1
38	109	85	62	2
39	95	80	75	1
40	115	81	61	1
41	97	88	66	1
42	119	80	59	1
43	110	100	51	1
44	103	80	68	2
45	114	71	69	1
46	109	100	51	1
47	93	77	77	1
48	91	90	67	1
49	100	78	70	1
50	112	77	63	1
51	115	72	65	2
52	116	73	63	1
53	86	85	72	2
54	101	76	68	1
55	112	72	64	1
56	105	80	61	2
57	81	80	79	2
58	98	80	65	2
59	87	86	68	1
60	83	78	78	2
61	99	85	60	2
62	83	80	76	1
63	92	88	62	1
64	98	73	70	2
65	82	80	76	2
66	83	79	76	1
67	106	70	67	1
68	100	77	64	3
69	95	74	69	1
70	85	76	75	1
71	81	80	74	1
72	86	76	73	2
73	120	81	49	1
74	117	65	62	2
75	108	70	62	1
76	111	68	62	2
77	113	81	51	1
78	81	80	72	1
79	98	77	61	2
80	92	77	64	1
81	85	83	63	1
82	86	76	68	2
83	102	87	50	4
84	109	78	52	1
85	91	88	55	1
86	109	80	50	1
87	100	82	53	2
88	89	75	65	1
89	85	81	63	2
90	99	81	54	1
91	89	76	64	2
92	80	76	71	1
93	109	94	42	2
94	85	79	64	3
95	91	76	62	1
96	112	72	53	2
97	98	66	66	1
98	101	68	62	1
99	100	76	56	1
100	94	73	62	1
101	88	83	58	1
102	108	100	39	1
103	105	80	50	1
104	81	78	66	1
105	99	75	56	1
106	98	94	45	1
107	85	84	58	1
108	119	77	45	2
109	92	70	64	1
110	117	78	45	1
111	88	79	59	2
112	94	76	57	2
113	101	66	61	1
114	104	75	52	1
115	84	80	60	2
116	100	66	61	1
117	107	78	48	1
118	86	75	62	1
119	119	86	39	3
120	96	83	50	1
121	103	64	60	1
122	85	76	61	4
123	98	82	49	2
124	95	74	56	2
125	112	76	46	1
126	107	69	53	1
127	105	81	46	1
128	77	77	65	1
129	84	69	66	2
130	93	76	54	2
131	108	62	57	1
132	85	69	65	1
133	88	71	61	1
134	90	66	64	1
135	94	67	60	1
136	102	67	55	1
137	89	74	57	3
138	81	70	66	1
139	94	90	44	1
140	120	70	44	1
141	78	74	64	1
142	118	89	35	2
143	87	67	63	1
144	119	58	53	2
145	98	68	54	2
146	117	99	31	1
147	98	77	47	4
148	109	66	49	1
149	95	74	50	1
150	112	95	33	2
151	98	70	51	1
152	90	79	49	2
153	107	57	57	1
154	78	73	61	1
155	97	73	49	2
156	91	69	55	2
157	100	75	46	1
158	79	79	55	1
159	87	82	48	2
160	79	76	57	1
161	120	63	45	1
162	79	67	64	1
163	119	63	45	1
164	89	66	57	2
165	99	70	48	3
166	93	89	40	1
167	95	59	59	1
168	92	69	52	1
169	111	57	52	1
170	80	79	52	1
171	76	72	60	1
172	91	80	45	1
173	96	74	46	1
174	78	72	58	1
175	95	61	56	1
176	94	69	50	1
177	108	79	38	2
178	83	78	50	2
179	77	75	56	1
180	92	65	54	1
181	101	57	56	2
182	115	87	32	1
183	86	79	47	1
184	112	63	45	1
185	95	71	47	2
186	76	67	62	2
187	77	66	62	1
188	86	73	50	1
189	109	65	44	2
190	114	78	35	2
191	120	54	48	1
192	90	84	41	1
193	83	62	60	2
194	82	80	47	3
195	91	77	44	1
196	108	77	37	2
197	92	88	38	1
198	100	73	42	1
199	84	64	57	1
200	102	100	30	1
201	90	79	43	1
202	93	73	45	3
203	96	69	46	1
204	78	64	61	1
205	116	57	46	1
206	104	94	31	1
207	87	59	59	3
208	102	69	43	2
209	100	56	54	1
210	89	64	53	1
211	107	74	38	1
212	93	85	38	1
213	69	68	64	1
214	107	55	51	1
215	77	72	54	2
216	94	74	43	1
217	81	80	46	2
218	109	91	30	1
219	84	68	52	1
220	100	69	43	1
221	101	91	32	4
222	106	63	44	1
223	94	65	48	1
224	93	70	45	1
225	78	67	56	1
226	77	76	50	1
227	84	61	57	2
228	86	64	53	2
229	111	73	36	2
230	110	54	49	2
231	87	63	53	1
232	79	68	54	1
233	107	66	41	1
234	89	61	53	2
235	115	78	32	1
236	72	64	62	1
237	88	59	55	1
238	113	56	45	1
239	106	79	34	1
240	95	81	37	1
241	83	62	55	2
242	67	66	64	2
243	76	65	57	1
244	97	78	37	2
245	89	85	37	1
246	92	69	44	2
247	116	60	40	1
248	96	85	34	1
249	76	73	50	1
250	119	63	37	2
251	71	66	59	2
252	79	66	53	2
253	89	62	50	1
254	108	69	37	2
255	74	73	51	2
256	91	72	42	2
257	78	63	56	2
258	94	55	53	1
259	106	76	34	1
260	116	67	35	1
261	77	72	49	1
262	115	76	31	1
263	74	63	58	1
264	79	59	58	1
265	85	75	42	1
266	115	70	33	1
267	91	91	32	2
268	114	83	28	1
269	119	79	28	1
270	100	94	28	1
271	111	79	30	1
272	74	71	50	4
273	65	64	63	1
274	95	61	45	2
275	80	65	50	1
276	90	82	35	1
277	100	86	30	1
278	73	72	49	1
279	79	74	44	2
280	77	68	49	2
281	101	59	43	1
282	105	64	38	1
283	84	62	49	1
284	77	58	57	1
285	77	60	55	1
286	109	63	37	1
287	75	72	47	1
288	97	67	39	3
289	110	72	32	2
290	96	75	35	1
291	73	65	53	1
292	87	67	43	1
293	88	58	49	3
294	100	64	39	1
295	86	63	46	1
296	84	80	37	3
297	97	61	42	3
298	115	90	24	1
299	85	73	40	4
300	77	67	48	2
301	83	71	42	1
302	90	55	50	2
303	76	58	56	2
304	89	77	36	2
305	91	60	45	1
306	107	56	41	1
307	114	50	43	1
308	102	75	32	1
309	73	62	54	2
310	100	61	40	2
311	96	77	33	1
312	99	56	44	2
313	77	72	44	1
314	99	91	27	1
315	79	59	52	1
316	80	72	42	2
317	95	67	38	2
318	82	64	46	2
319	99	76	32	1
320	82	68	43	1
321	117	51	40	1
322	85	68	41	3
323	97	74	33	1
324	68	61	57	2
325	90	61	43	2
326	84	78	36	2
327	73	63	51	1
328	88	72	37	2
329	93	70	36	1
330	103	65	35	1
331	80	61	48	2
332	78	73	41	1
333	84	75	37	2
334	84	84	33	1
335	90	63	41	1
336	77	67	45	1
337	93	78	32	1
338	89	79	33	2
339	116	54	37	2
340	89	54	48	2
341	82	72	39	2
342	85	71	38	1
343	65	64	55	1
344	94	54	45	1
345	68	63	53	3
346	82	54	51	1
347	66	60	57	1
348	98	56	41	2
349	107	50	42	1
350	80	78	36	2
351	84	53	50	3
352	96	61	38	1
353	92	62	39	1
354	108	49	42	3
355	115	47	41	1
356	101	56	39	2
357	70	70	45	1
358	116	86	22	1
359	63	59	59	2
360	99	79	28	2
361	110	62	32	2
362	82	76	35	1
363	87	54	46	1
364	93	54	43	2
365	83	51	51	1
366	111	67	29	2
367	96	72	31	1
368	103	63	33	2
369	64	63	53	1
370	110	69	28	1
371	69	57	54	1
372	80	68	39	2
373	120	63	28	1
374	120	84	21	1
375	87	64	38	2
376	119	61	29	1
377	95	65	34	1
378	76	60	46	1
379	105	71	28	1
380	72	69	42	1
381	76	61	45	1
382	107	77	25	2
383	99	52	40	1
384	83	62	40	1
385	71	63	46	1
386	82	76	33	1
387	81	54	47	1
388	68	67	45	2
389	79	72	36	1
390	80	62	41	3
391	81	57	44	2
392	90	55	41	1
393	66	59	52	3
394	75	71	38	1
395	107	59	32	1
396	115	70	25	5
397	118	55	31	1
398	113	71	25	1
399	77	62	42	1
400	74	54	50	1
401	101	73	27	1
402	102	65	30	1
403	120	69	24	2
404	79	76	33	1
405	99	74	27	1
406	95	52	40	2
407	84	50	47	1
408	104	61	31	1
409	93	68	31	1
410	108	67	27	2
411	75	54	48	1
412	62	57	55	4
413	93	55	38	1
414	76	75	34	1
415	69	55	51	1
416	93	65	32	2
417	93	61	34	1
418	70	54	51	1
419	66	63	46	3
420	105	70	26	1
421	77	67	37	1
422	92	61	34	2
423	72	66	40	1
424	66	54	53	2
425	100	46	41	1
426	69	62	44	1
427	80	50	47	1
428	98	58	33	2
429	96	59	33	3
430	97	55	35	1
431	104	46	39	5
432	71	64	41	2
433	76	70	35	1
434	111	43	39	1
435	95	93	21	1
436	98	70	27	2
437	78	59	40	1
438	100	92	20	1
439	68	54	50	2
440	93	47	42	1
441	70	69	38	2
442	63	56	52	2
443	95	74	26	1
444	92	46	43	1
445	67	59	46	1
446	91	54	37	2
447	76	52	46	1
448	94	47	41	1
449	66	56	49	1
450	73	59	42	1
451	74	52	47	1
452	102	61	29	3
453	61	58	51	2
454	92	70	28	3
455	84	74	29	1
456	80	75	30	2
457	92	85	23	2
458	83	54	40	1
459	82	78	28	2
460	69	60	43	1
461	69	56	46	1
462	105	47	36	1
463	90	49	40	1
464	72	51	48	1
465	75	60	39	2
466	90	67	29	1
467	85	82	25	1
468	114	61	25	2
469	105	57	29	1
470	82	47	45	1
471	85	58	35	2
472	87	45	44	1
473	108	55	29	2
474	84	50	41	1
475	91	57	33	1
476	93	68	27	2
477	97	44	40	1
478	84	70	29	3
479	72	64	37	2
480	92	84	22	1
481	84	46	44	1
482	92	66	28	1
483	72	62	38	1
484	93	57	32	1
485	83	58	35	1
486	82	57	36	1
487	78	49	44	1
488	75	56	40	1
489	62	53	51	1
490	79	53	40	2
491	64	62	42	1
492	104	64	25	2
493	90	51	36	3
494	65	54	47	1
495	111	55	27	1
496	82	59	34	2
497	76	60	36	1
498	71	55	42	2
499	115	62	23	1
500	101	77	21	3
501	68	60	40	1
502	58	55	51	2
503	88	77	24	1
504	77	64	33	2
505	93	46	38	2
506	92	43	41	1
507	100	60	27	1
508	90	62	29	1
509	92	45	39	2
510	69	65	36	2
511	107	52	29	2
512	80	53	38	2
513	90	89	20	1
514	79	75	27	1
515	63	59	43	2
516	108	51	29	1
517	57	56	50	1
518	93	66	26	2
519	69	66	35	1
520	111	62	23	1
521	76	67	31	2
522	119	51	26	1
523	76	46	45	2
524	95	46	36	1
525	77	70	29	1
526	100	40	39	2
527	89	70	25	1
528	72	48	45	1
529	95	43	38	1
530	88	55	32	2
531	99	68	23	1
532	90	43	40	1
533	88	45	39	2
534	89	51	34	4
535	103	45	33	2
536	87	45	39	2
537	93	42	39	1
538	115	49	27	3
539	106	41	35	1
540	66	64	36	1
541	77	58	34	1
542	82	77	24	1
543	80	44	43	1
544	80	63	30	1
545	95	72	22	1
546	100	47	32	2
547	62	55	44	2
548	98	45	34	2
549	65	49	47	1
550	81	44	42	2
551	53	53	53	2
552	96	62	25	3
553	66	50	45	1
554	57	51	51	1
555	77	55	35	2
556	78	61	31	2
557	59	58	43	2
558	73	53	38	1
559	103	43	33	2
560	65	51	44	1
561	94	47	33	1
562	77	46	41	2
563	80	55	33	1
564	86	48	35	2
565	74	50	39	1
566	92	68	23	2
567	76	46	41	2
568	111	43	30	2
569	72	64	31	2
570	75	56	34	1
571	85	43	39	1
572	117	45	27	3
573	74	64	30	3
574	94	58	26	1
575	111	51	25	3
576	68	52	40	1
577	99	51	28	1
578	62	53	43	1
579	65	62	35	1
580	111	47	27	1
581	64	50	44	1
582	89	51	31	1
583	73	52	37	1
584	100	39	36	2
585	61	50	46	1
586	80	53	33	2
587	80	46	38	1
588	69	46	44	1
589	93	60	25	1
590	92	56	27	1
591	79	55	32	1
592	67	56	37	1
593	74	55	34	1
594	73	61	31	1
595	87	48	33	1
596	75	51	36	1
597	54	53	48	1
598	57	56	43	1
599	79	62	28	1
600	117	45	26	1
601	64	61	35	2
602	66	46	45	1
603	94	44	33	1
604	58	49	48	3
605	58	58	40	2
606	56	49	49	2
607	92	47	31	3
608	82	51	32	2
609	113	37	32	2
610	93	41	35	2
611	58	50	46	4
612	63	47	45	1
613	61	56	39	2
614	99	42	32	2
615	69	47	41	3
616	57	53	44	2
617	82	54	30	1
618	75	52	34	1
619	85	74	21	1
620	74	54	33	2
621	94	50	28	1
622	90	56	26	3
623	63	59	35	4
624	84	44	35	2
625	77	73	23	2
626	100	39	33	2
627	55	52	45	1
628	68	54	35	2
629	70	68	27	4
630	119	40	27	2
631	96	38	35	3
632	67	50	38	2
633	108	49	24	1
634	65	50	39	1
635	99	40	32	1
636	96	66	20	3
637	64	46	43	1
638	54	52	45	2
639	74	50	34	1
640	77	48	34	1
641	90	41	34	1
642	72	64	27	1
643	78	55	29	1
644	98	42	30	1
645	59	58	36	1
646	56	51	43	1
647	83	51	29	1
648	71	54	32	1
649	92	37	36	1
650	72	53	32	2
651	73	64	26	4
652	73	52	32	1
653	94	43	30	2
654	59	54	38	1
655	67	43	42	1
656	72	56	30	2
657	70	48	36	2
658	66	59	31	1
659	65	56	33	1
660	62	45	43	1
661	95	42	30	1
662	97	41	30	2
663	82	58	25	2
664	108	44	25	2
665	80	45	33	1
666	97	37	33	1
667	100	37	32	1
668	78	41	37	1
669	84	40	35	2
670	90	42	31	1
671	76	57	27	1
672	73	47	34	1
673	64	55	33	1
674	98	37	32	3
675	97	35	34	2
676	61	46	41	1
677	66	47	37	2
678	70	43	38	2
679	72	69	23	1
680	102	40	28	1
681	111	49	21	2
682	82	58	24	1
683	70	44	37	3
684	75	46	33	3
685	70	56	29	3
686	80	43	33	1
687	59	48	40	3
688	78	44	33	1
689	56	48	42	1
690	71	66	24	1
691	80	61	23	1
692	101	38	29	1
693	108	49	21	1
694	107	45	23	2
695	79	40	35	1
696	93	44	27	1
697	66	45	37	3
698	75	61	24	3
699	57	55	35	1
700	74	39	38	1
701	76	45	32	2
702	95	48	24	2
703	79	69	20	3
704	108	42	24	2
705	74	49	30	1
706	66	47	35	1
707	57	56	34	1
708	65	49	34	1
709	91	44	27	1
710	79	57	24	2
711	72	50	30	1
712	62	58	30	3
713	86	57	22	2
714	112	48	20	1
715	73	43	34	2
716	78	65	21	2
717	105	48	21	2
718	63	56	30	1
719	88	60	20	2
720	79	43	31	2
721	55	49	39	2
722	50	50	42	3
723	61	52	33	1
724	53	47	42	1
725	89	45	26	2
726	57	48	38	2
727	83	52	24	2
728	65	59	27	1
729	71	56	26	3
730	67	45	34	2
731	66	62	25	1
732	90	42	27	1
733	70	52	28	2
734	55	44	42	1
735	78	62	21	1
736	65	52	30	3
737	61	55	30	1
738	54	49	38	1
739	85	38	31	1
740	70	55	26	1
741	115	30	29	1
742	58	44	39	2
743	72	46	30	2
744	93	41	26	1
745	68	44	33	1
746	70	47	30	1
747	74	38	35	1
748	109	36	25	2
749	82	36	33	1
750	118	33	25	1
751	47	47	44	3
752	62	46	34	1
753	98	38	26	2
754	70	53	26	1
755	77	48	26	2
756	51	47	40	2
757	93	38	27	2
758	54	49	36	1
759	51	49	38	1
760	48	47	42	3
761	88	43	25	1
762	94	40	25	1
763	57	53	31	1
764	115	29	28	2
765	71	41	32	2
766	72	46	28	2
767	76	55	22	3
768	109	31	27	1
769	47	45	43	2
770	62	52	28	2
771	69	45	29	2
772	69	48	27	2
773	74	38	31	3
774	88	47	21	2
775	73	36	33	1
776	48	45	40	2
777	54	47	34	1
778	55	41	38	2
779	81	39	27	2
780	71	46	26	2
781	53	47	34	2
782	73	40	29	1
783	71	35	34	1
784	72	51	23	2
785	55	41	37	2
786	79	33	32	2
787	90	37	25	2
788	86	36	26	1
789	52	41	37	1
790	77	33	31	1
791	69	38	30	2
792	70	34	33	3
793	54	50	29	1
794	94	32	26	2
795	78	37	27	2
796	49	44	36	3
797	94	33	25	2
798	103	30	25	1
799	67	37	31	2
800	53	40	36	1
801	79	32	30	1
802	67	39	29	1
803	60	37	34	3
804	93	32	25	2
805	58	40	32	1
806	45	44	37	2
807	86	34	25	2
808	57	40	32	2
809	56	38	34	2
810	65	38	29	2
811	54	42	31	1
812	57	56	22	1
813	64	33	33	2
814	107	31	21	1
815	46	42	36	1
816	55	36	35	1
817	43	41	39	2
818	62	41	27	1
819	45	40	38	3
820	110	27	23	1
821	53	39	33	1
822	47	38	38	1
823	54	46	27	1
824	73	35	26	3
825	69	32	30	1
826	47	39	36	1
827	112	28	21	2
828	62	34	31	2
829	52	40	31	1
830	62	40	26	1
831	58	46	24	1
832	71	31	29	2
833	59	36	30	1
834	46	39	35	1
835	45	42	33	1
836	52	52	23	1
837	102	29	21	1
838	52	38	31	2
839	48	47	27	3
840	46	42	31	1
841	46	39	33	1
842	87	28	24	1
843	77	29	26	2
844	116	25	20	1
845	74	39	20	1
846	64	32	28	2
847	65	30	29	1
848	45	38	33	3
849	88	32	20	1
850	65	36	24	1
851	58	46	21	1
852	43	37	35	1
853	60	44	21	2
854	55	42	24	1
855	58	43	22	2
856	49	36	31	1
857	52	52	20	1
858	45	37	32	1
859	78	32	21	2
860	47	33	33	2
861	48	42	25	2
862	58	36	24	1
863	61	37	22	1
864	80	31	20	2
865	61	32	25	1
866	81	26	23	4
867	70	31	22	1
868	72	33	20	1
869	54	32	27	2
870	86	27	20	3
871	50	32	29	2
872	53	35	25	3
873	44	35	30	1
874	59	30	26	1
875	37	36	34	1
876	61	29	25	1
877	37	36	33	3
878	56	31	25	2
879	51	34	25	2
880	58	31	24	2
881	44	35	28	1
882	60	35	20	2
883	60	33	21	1
884	42	31	31	3
885	80	25	20	2
886	52	37	20	2
887	50	35	21	1
888	54	28	24	1
889	40	31	29	1
890	42	31	27	1
891	55	30	21	1
892	38	31	27	3
893	37	31	26	1
894	35	29	28	1
895	38	33	22	1
896	35	32	23	2
897	37	30	23	1
898	36	32	22	1
899	36	28	24	1
900	30	30	21	2
