Mack/Bortfeldt(2008)
Bin-Packing-Problem
BP-RG/SBSBPP/SSSCSP
Testcase-ID	4
Problem-ID	118
no_item_types	699
no_items	1352
CONTAINER_DATA (l,w,h)	485	131	118
ITEMS_DATA:
Type	x	y	z	no_items
1	113	91	76	1
2	110	97	71	3
3	114	85	77	2
4	102	95	74	3
5	120	89	65	2
6	115	78	75	2
7	120	96	58	4
8	111	91	66	2
9	100	91	71	3
10	117	74	73	4
11	111	96	59	2
12	110	84	68	1
13	108	84	69	1
14	96	95	68	1
15	110	83	67	2
16	94	94	69	1
17	109	85	65	3
18	98	79	77	3
19	89	86	77	2
20	117	75	65	2
21	106	80	67	1
22	91	85	73	1
23	96	95	61	2
24	113	73	67	2
25	95	91	63	3
26	113	89	54	1
27	112	75	64	2
28	106	80	62	2
29	97	77	70	2
30	120	67	65	3
31	102	93	55	2
32	103	93	54	2
33	93	83	67	3
34	86	80	75	2
35	120	93	46	1
36	93	77	71	1
37	101	81	62	1
38	108	78	60	1
39	103	71	69	2
40	104	70	69	1
41	112	73	61	2
42	90	80	68	1
43	86	86	66	1
44	118	71	58	1
45	97	79	63	3
46	119	84	48	3
47	117	95	43	1
48	100	81	59	2
49	113	78	54	1
50	93	72	71	1
51	97	74	66	4
52	112	66	64	2
53	115	82	50	2
54	98	92	52	1
55	86	79	69	2
56	94	83	60	2
57	86	81	66	4
58	120	77	49	3
59	97	83	56	4
60	96	69	68	1
61	98	79	58	2
62	102	100	44	1
63	108	78	53	2
64	97	85	54	1
65	118	71	53	1
66	99	69	65	2
67	106	89	47	1
68	89	80	62	2
69	107	72	57	3
70	84	78	67	1
71	104	78	54	1
72	109	68	59	1
73	80	80	68	2
74	115	71	53	3
75	78	76	73	1
76	94	73	63	1
77	92	77	61	1
78	97	78	57	4
79	89	80	60	2
80	91	69	68	2
81	96	90	49	1
82	84	80	62	2
83	78	73	73	2
84	88	80	59	1
85	95	74	59	1
86	88	71	66	1
87	107	70	55	1
88	101	86	47	1
89	97	93	45	1
90	102	73	54	2
91	112	65	55	2
92	120	74	45	2
93	76	75	70	1
94	82	80	60	2
95	99	64	62	1
96	97	92	44	1
97	100	71	55	1
98	87	76	59	4
99	120	69	47	2
100	98	81	49	1
101	108	72	50	2
102	119	57	57	1
103	90	74	58	1
104	90	66	65	1
105	103	70	53	2
106	88	71	61	1
107	101	82	46	1
108	99	64	60	1
109	86	69	64	3
110	86	80	55	1
111	97	81	48	2
112	120	82	38	3
113	104	85	42	2
114	77	77	62	3
115	88	85	49	3
116	105	81	43	1
117	100	67	54	2
118	113	64	50	1
119	84	81	53	2
120	91	67	59	2
121	118	66	46	3
122	112	57	56	5
123	118	72	42	2
124	84	72	59	4
125	117	78	39	1
126	119	55	54	2
127	75	73	64	1
128	96	73	50	1
129	102	76	45	2
130	95	63	58	2
131	98	86	41	1
132	96	92	39	1
133	77	72	62	2
134	117	81	36	1
135	82	65	64	1
136	100	92	37	2
137	77	72	61	1
138	118	55	52	1
139	95	67	53	2
140	99	64	53	1
141	96	76	46	1
142	97	75	46	2
143	98	68	50	2
144	114	88	33	3
145	100	75	44	2
146	80	79	52	2
147	90	90	40	1
148	84	77	50	1
149	115	55	51	3
150	94	73	47	2
151	92	92	38	2
152	108	63	47	2
153	102	95	33	3
154	102	84	37	1
155	87	60	60	4
156	87	78	46	2
157	75	73	57	2
158	102	87	35	1
159	96	61	53	1
160	107	90	32	2
161	71	69	62	2
162	72	69	61	3
163	107	59	48	4
164	86	64	55	2
165	120	72	35	2
166	88	66	52	1
167	73	70	59	2
168	88	67	51	2
169	87	64	54	2
170	95	93	34	3
171	92	68	48	1
172	81	65	57	2
173	105	68	42	1
174	79	69	55	3
175	91	78	42	2
176	100	72	41	1
177	100	59	50	2
178	117	74	34	1
179	94	68	46	1
180	88	63	53	1
181	74	65	61	2
182	87	76	44	1
183	83	74	47	1
184	98	60	49	2
185	97	82	36	2
186	117	66	37	3
187	96	66	45	1
188	90	62	51	1
189	79	62	58	1
190	97	62	47	1
191	86	62	53	2
192	78	62	58	1
193	79	63	56	2
194	74	71	53	1
195	69	65	62	2
196	113	60	41	2
197	77	63	57	1
198	84	67	49	3
199	84	78	42	1
200	106	59	44	4
201	105	79	33	1
202	78	66	53	1
203	75	67	54	1
204	107	72	35	2
205	93	63	46	3
206	88	61	50	4
207	75	65	55	1
208	76	69	51	1
209	79	72	47	2
210	80	63	53	1
211	92	85	34	1
212	115	66	35	2
213	85	82	38	1
214	111	58	41	2
215	81	72	45	1
216	96	88	31	1
217	88	55	54	1
218	92	71	40	2
219	88	58	51	2
220	92	67	42	2
221	91	79	36	3
222	118	51	43	1
223	92	76	37	3
224	85	62	49	2
225	69	68	55	1
226	102	72	35	2
227	78	61	54	1
228	79	66	49	2
229	80	76	42	3
230	80	58	55	2
231	96	63	42	1
232	92	60	46	1
233	75	66	51	1
234	79	58	55	1
235	115	81	27	2
236	101	80	31	2
237	98	58	44	1
238	89	85	33	1
239	120	80	26	1
240	74	70	48	1
241	78	59	54	1
242	117	73	29	1
243	115	58	37	3
244	111	57	39	1
245	73	65	52	2
246	92	67	40	2
247	115	93	23	1
248	80	59	52	1
249	85	74	39	2
250	67	62	59	2
251	90	73	37	1
252	84	76	38	3
253	100	59	41	1
254	115	95	22	1
255	78	57	54	2
256	119	56	36	2
257	112	69	31	2
258	76	65	48	2
259	108	52	42	2
260	114	53	39	1
261	71	65	51	5
262	84	82	34	3
263	114	76	27	1
264	81	64	45	1
265	90	74	35	2
266	107	64	34	1
267	82	66	43	3
268	114	60	34	1
269	78	66	45	1
270	84	53	52	2
271	88	82	32	2
272	80	61	47	2
273	82	57	49	2
274	73	58	54	1
275	87	75	35	1
276	79	64	45	2
277	78	56	52	2
278	100	84	27	3
279	116	93	21	2
280	81	65	43	3
281	73	62	50	2
282	76	69	43	2
283	87	74	35	1
284	96	52	45	2
285	97	68	34	1
286	77	71	41	2
287	99	73	31	1
288	86	62	42	4
289	67	63	53	4
290	83	61	44	4
291	116	48	40	2
292	103	80	27	1
293	96	68	34	2
294	94	59	40	1
295	81	57	48	2
296	75	59	50	4
297	107	48	43	2
298	69	65	49	2
299	79	73	38	2
300	76	64	45	1
301	100	91	24	4
302	63	63	55	3
303	76	54	53	3
304	92	60	39	2
305	74	58	50	4
306	112	66	29	3
307	94	60	38	3
308	75	56	51	2
309	76	67	42	2
310	75	66	43	1
311	73	71	41	1
312	63	59	57	1
313	114	53	35	1
314	77	74	37	2
315	72	61	48	1
316	79	54	49	2
317	96	75	29	1
318	96	62	35	1
319	89	60	39	1
320	111	75	25	2
321	95	73	30	5
322	74	68	41	1
323	71	69	42	4
324	92	77	29	1
325	102	59	34	1
326	87	67	35	5
327	75	68	40	1
328	100	68	30	1
329	97	75	28	1
330	89	52	44	1
331	64	60	53	2
332	94	56	38	2
333	76	64	41	1
334	67	55	54	2
335	91	59	37	1
336	104	53	36	4
337	105	51	37	2
338	111	71	25	2
339	69	62	46	2
340	84	65	36	1
341	96	93	22	3
342	101	81	24	2
343	94	72	29	2
344	79	69	36	2
345	120	43	38	1
346	86	57	40	2
347	106	45	41	1
348	104	85	22	1
349	77	56	45	1
350	67	59	49	2
351	89	68	32	1
352	83	63	37	3
353	102	70	27	2
354	78	65	38	4
355	73	73	36	1
356	80	51	47	2
357	87	76	29	2
358	115	45	37	4
359	95	53	38	3
360	73	67	39	1
361	88	57	38	1
362	67	58	49	1
363	112	58	29	1
364	104	53	34	1
365	78	50	48	1
366	83	75	30	2
367	63	57	52	2
368	83	68	33	2
369	97	87	22	2
370	74	66	38	2
371	109	63	27	2
372	66	56	50	1
373	89	61	34	2
374	84	61	36	1
375	116	48	33	2
376	79	58	40	1
377	65	54	52	2
378	80	65	35	3
379	65	65	43	1
380	85	61	35	2
381	96	51	37	2
382	76	54	44	4
383	94	71	27	4
384	77	60	39	2
385	79	76	30	1
386	73	56	44	1
387	96	60	31	4
388	70	51	50	3
389	76	69	34	2
390	66	60	45	4
391	100	89	20	1
392	94	46	41	2
393	79	66	34	3
394	113	58	27	2
395	74	72	33	2
396	57	56	55	1
397	79	60	37	2
398	71	65	38	4
399	78	66	34	1
400	110	43	37	1
401	79	69	32	1
402	60	57	51	1
403	63	55	50	2
404	71	61	40	2
405	67	63	41	3
406	83	52	40	2
407	99	83	21	2
408	112	57	27	2
409	61	54	52	2
410	88	46	42	1
411	117	44	33	4
412	69	50	49	1
413	81	65	32	1
414	96	73	24	1
415	80	65	32	2
416	78	56	38	3
417	111	45	33	2
418	89	88	21	1
419	76	54	40	2
420	93	43	41	4
421	96	46	37	2
422	67	53	46	2
423	111	49	30	1
424	91	64	28	1
425	87	69	27	1
426	116	48	29	1
427	89	60	30	1
428	78	54	38	2
429	71	66	34	3
430	68	53	44	1
431	90	88	20	2
432	89	48	37	2
433	61	55	47	1
434	90	46	38	2
435	66	54	44	2
436	64	50	49	2
437	91	42	41	3
438	120	42	31	3
439	60	52	50	1
440	61	51	50	2
441	61	53	48	2
442	87	54	33	2
443	65	64	37	1
444	75	54	38	1
445	92	45	37	4
446	69	65	34	2
447	66	49	47	2
448	74	66	31	1
449	83	48	38	2
450	59	57	45	1
451	80	70	27	1
452	98	73	21	3
453	102	46	32	1
454	79	73	26	3
455	65	49	47	1
456	68	51	43	1
457	72	46	45	1
458	69	61	35	2
459	111	51	26	3
460	116	42	30	2
461	69	68	31	2
462	71	66	31	1
463	67	57	38	2
464	83	46	38	4
465	93	60	26	2
466	63	56	41	3
467	84	43	40	3
468	93	47	33	2
469	58	54	46	2
470	74	66	29	1
471	69	57	36	2
472	69	50	41	3
473	64	48	46	3
474	60	50	47	3
475	98	42	34	2
476	100	48	29	2
477	68	51	40	2
478	60	59	39	1
479	89	43	36	2
480	88	46	34	4
481	73	57	33	2
482	77	54	33	1
483	56	53	46	3
484	70	59	33	1
485	99	55	25	1
486	67	46	44	3
487	84	52	31	1
488	98	46	30	2
489	67	65	31	2
490	101	43	31	3
491	84	47	34	1
492	117	38	30	2
493	71	48	39	1
494	79	48	35	3
495	68	50	39	1
496	85	65	24	1
497	94	47	30	1
498	60	47	47	3
499	53	50	50	2
500	79	54	31	2
501	68	57	34	1
502	76	72	24	1
503	93	56	25	2
504	53	51	48	3
505	63	57	36	2
506	84	48	32	4
507	60	55	39	1
508	113	42	27	2
509	80	55	29	1
510	81	49	32	2
511	78	44	37	2
512	91	45	31	2
513	63	61	33	1
514	71	66	27	2
515	73	52	33	2
516	120	52	20	1
517	78	64	25	2
518	76	51	32	1
519	70	61	29	1
520	98	45	28	3
521	79	52	30	2
522	120	33	31	2
523	82	71	21	2
524	63	62	31	1
525	91	38	35	3
526	88	37	37	1
527	70	43	40	2
528	57	48	44	2
529	57	49	43	1
530	58	53	39	2
531	106	34	33	2
532	89	37	36	2
533	98	39	31	2
534	79	71	21	1
535	79	51	29	4
536	83	42	33	2
537	67	45	38	3
538	74	64	24	4
539	63	44	41	2
540	59	55	35	4
541	90	36	35	3
542	61	58	32	1
543	83	42	32	1
544	87	49	26	1
545	70	63	25	3
546	65	41	41	2
547	88	59	21	2
548	68	47	34	1
549	92	38	31	2
550	75	42	34	3
551	72	67	22	2
552	86	36	34	2
553	99	48	22	2
554	61	46	37	2
555	55	47	40	1
556	85	38	32	2
557	59	53	33	3
558	52	47	42	2
559	71	38	38	1
560	82	48	26	2
561	80	44	29	2
562	65	56	28	1
563	84	55	22	2
564	94	36	30	2
565	100	39	26	2
566	81	43	29	5
567	64	49	32	1
568	101	32	31	1
569	56	48	37	1
570	69	45	32	1
571	57	47	37	2
572	60	42	39	5
573	55	51	35	1
574	64	45	34	1
575	89	42	26	1
576	77	42	30	2
577	69	54	26	2
578	61	61	26	1
579	69	41	34	2
580	85	45	25	2
581	55	51	34	2
582	66	38	38	1
583	99	37	26	1
584	52	48	38	2
585	66	59	24	5
586	65	62	23	3
587	63	43	34	2
588	67	40	34	2
589	68	46	29	2
590	72	44	28	2
591	66	38	35	3
592	72	50	24	1
593	67	46	28	1
594	65	39	34	2
595	58	45	33	3
596	59	54	27	3
597	57	43	35	1
598	64	46	29	2
599	52	51	32	1
600	52	48	34	2
601	56	54	28	3
602	62	39	35	1
603	69	48	25	3
604	83	32	31	3
605	50	41	40	6
606	56	54	27	2
607	74	55	20	2
608	54	45	32	3
609	64	60	20	3
610	85	45	20	4
611	59	43	30	2
612	48	45	35	1
613	90	40	21	1
614	53	46	31	3
615	64	59	20	1
616	64	39	30	1
617	92	30	27	2
618	87	34	25	1
619	56	47	28	1
620	74	45	22	2
621	53	51	27	4
622	76	48	20	1
623	55	53	25	1
624	69	52	20	2
625	74	44	22	2
626	71	34	29	3
627	51	40	34	1
628	58	44	27	1
629	73	32	29	4
630	58	36	32	3
631	75	37	24	2
632	73	35	26	1
633	52	41	31	2
634	62	53	20	1
635	72	35	26	4
636	47	41	34	4
637	55	35	34	1
638	86	29	26	4
639	45	40	36	1
640	89	28	26	1
641	108	26	23	3
642	63	34	30	1
643	48	37	36	2
644	72	34	26	2
645	92	30	23	2
646	47	38	35	2
647	105	27	22	2
648	59	35	30	1
649	81	36	21	2
650	54	35	32	2
651	67	32	28	3
652	50	40	30	1
653	70	34	25	2
654	56	53	20	4
655	60	38	26	4
656	70	31	27	2
657	65	30	30	1
658	66	44	20	2
659	46	42	30	2
660	66	33	26	2
661	63	39	23	2
662	42	42	32	3
663	70	32	25	2
664	77	29	25	3
665	45	41	30	4
666	76	31	23	1
667	51	48	22	3
668	61	32	27	3
669	40	38	34	1
670	50	32	32	1
671	48	41	26	3
672	44	40	28	2
673	51	31	31	1
674	42	40	29	2
675	47	38	27	5
676	51	36	26	2
677	57	35	23	5
678	38	35	34	2
679	52	32	27	1
680	41	35	31	1
681	50	37	24	4
682	60	32	23	1
683	62	32	22	1
684	79	25	22	4
685	42	38	27	2
686	58	33	22	3
687	39	33	32	2
688	53	31	25	4
689	57	34	21	2
690	57	31	23	3
691	44	34	27	1
692	52	34	21	3
693	49	28	25	1
694	33	32	29	2
695	41	27	26	3
696	38	29	26	1
697	32	31	28	1
698	39	26	25	2
699	34	28	21	4
