Mack/Bortfeldt(2008)
Bin-Packing-Problem
BP-RG/SBSBPP/SSSCSP
Testcase-ID	4
Problem-ID	142
no_item_types	991
no_items	1243
CONTAINER_DATA (l,w,h)	485	131	118
ITEMS_DATA:
Type	x	y	z	no_items
1	118	100	75	1
2	107	100	80	1
3	114	95	79	2
4	120	89	77	1
5	113	90	80	1
6	113	100	72	1
7	105	99	77	1
8	115	96	71	1
9	118	88	73	1
10	118	89	71	1
11	119	79	79	1
12	108	97	70	1
13	113	83	76	1
14	100	90	79	1
15	99	90	78	3
16	111	81	77	1
17	115	78	77	1
18	108	86	74	2
19	98	94	74	1
20	120	92	61	1
21	103	97	67	2
22	111	90	67	1
23	114	82	71	2
24	99	98	68	1
25	111	86	69	1
26	100	87	74	1
27	112	97	59	1
28	104	81	75	1
29	100	81	78	1
30	93	89	76	1
31	119	81	65	1
32	97	88	72	1
33	120	80	64	1
34	99	84	73	1
35	113	91	59	3
36	101	91	66	1
37	111	80	68	1
38	92	89	73	2
39	112	82	65	1
40	116	79	65	1
41	99	97	62	1
42	88	88	76	1
43	115	85	60	2
44	100	96	61	3
45	99	82	72	2
46	114	93	55	2
47	99	89	66	1
48	109	73	73	1
49	98	79	75	2
50	110	74	71	1
51	107	77	70	2
52	97	78	76	1
53	100	83	69	3
54	109	89	59	1
55	115	72	69	1
56	96	80	74	1
57	117	79	61	1
58	118	71	67	1
59	111	93	54	2
60	103	79	68	2
61	119	76	61	2
62	93	80	74	2
63	115	92	52	1
64	87	79	79	1
65	102	78	68	1
66	111	90	54	2
67	116	69	67	1
68	102	99	53	1
69	114	78	60	1
70	111	97	49	2
71	104	80	63	1
72	114	90	51	1
73	102	95	54	3
74	95	80	67	1
75	91	87	64	1
76	92	77	71	2
77	106	80	59	2
78	97	72	71	1
79	106	74	63	1
80	93	90	59	1
81	97	77	66	3
82	118	65	64	1
83	107	69	66	1
84	95	84	61	2
85	105	71	65	1
86	89	77	70	1
87	99	88	55	1
88	116	70	59	1
89	82	81	72	1
90	113	78	54	1
91	96	75	66	1
92	91	79	66	1
93	98	93	52	1
94	95	75	66	1
95	117	73	55	1
96	108	69	63	1
97	86	79	69	1
98	93	84	60	1
99	105	70	63	1
100	90	79	65	1
101	89	85	61	1
102	91	79	64	1
103	100	100	46	1
104	86	78	68	1
105	80	78	73	1
106	83	83	66	1
107	99	68	67	3
108	99	71	64	1
109	100	77	58	1
110	104	69	62	1
111	83	80	67	1
112	77	76	76	1
113	89	79	63	1
114	82	75	72	1
115	119	64	58	1
116	94	87	54	1
117	94	70	67	1
118	90	74	66	1
119	98	80	56	1
120	95	71	65	1
121	119	75	49	1
122	116	66	57	1
123	118	97	38	1
124	95	80	57	1
125	88	72	68	1
126	110	100	39	2
127	82	78	67	1
128	79	76	71	2
129	96	87	51	1
130	118	75	48	1
131	82	77	67	1
132	76	75	74	1
133	94	72	62	1
134	104	72	56	1
135	104	64	63	1
136	94	91	49	1
137	82	74	69	2
138	93	68	66	1
139	88	74	64	1
140	77	75	72	1
141	113	75	49	1
142	99	79	53	1
143	93	73	61	2
144	99	99	42	1
145	100	72	56	1
146	91	67	66	2
147	98	73	56	1
148	108	65	57	1
149	112	70	51	1
150	86	83	56	2
151	96	83	50	1
152	79	72	70	1
153	95	71	59	2
154	114	61	57	2
155	80	77	64	1
156	92	70	61	2
157	107	61	60	1
158	106	82	45	1
159	84	76	61	1
160	113	65	53	2
161	91	79	54	1
162	96	66	61	1
163	120	92	35	1
164	90	78	55	2
165	87	87	51	3
166	106	65	56	1
167	81	69	69	1
168	82	81	58	2
169	80	76	63	1
170	87	71	62	2
171	108	60	59	1
172	118	60	54	1
173	117	99	33	1
174	108	62	57	1
175	89	67	64	1
176	99	80	48	1
177	95	70	57	1
178	94	77	52	1
179	102	67	55	1
180	116	81	40	1
181	117	73	44	1
182	101	93	40	1
183	107	90	39	1
184	97	73	53	1
185	96	77	50	1
186	78	74	64	1
187	93	81	49	1
188	87	80	53	1
189	92	69	58	2
190	98	67	56	1
191	118	66	47	1
192	85	66	65	1
193	74	72	68	2
194	76	72	66	2
195	120	79	38	1
196	78	71	65	1
197	107	85	39	1
198	91	81	48	1
199	78	73	62	1
200	104	64	53	1
201	72	71	69	1
202	79	73	61	1
203	101	77	45	1
204	108	90	36	2
205	90	67	58	1
206	94	79	47	1
207	120	58	50	1
208	109	76	42	1
209	83	71	59	1
210	107	77	42	1
211	111	76	41	1
212	77	76	59	1
213	87	73	54	1
214	113	74	41	1
215	85	67	60	1
216	90	69	55	1
217	106	70	46	1
218	117	54	54	1
219	96	72	49	1
220	100	69	49	1
221	104	58	56	1
222	108	74	42	1
223	94	83	43	1
224	108	72	43	1
225	78	68	63	1
226	84	78	51	2
227	79	66	64	1
228	88	88	43	1
229	92	86	42	1
230	87	72	53	1
231	104	72	44	3
232	98	60	56	2
233	74	74	60	1
234	90	64	57	2
235	92	81	44	1
236	119	55	50	1
237	95	84	41	1
238	94	60	58	1
239	103	72	44	2
240	118	69	40	1
241	119	57	48	1
242	113	72	40	3
243	107	69	44	2
244	116	65	43	2
245	90	60	60	1
246	82	79	50	1
247	105	79	39	1
248	82	70	56	3
249	103	82	38	1
250	86	76	49	1
251	82	64	61	1
252	106	86	35	1
253	101	75	42	2
254	89	70	51	1
255	118	79	34	2
256	92	80	43	1
257	81	79	49	1
258	112	64	43	1
259	73	68	62	2
260	76	65	62	1
261	79	68	57	1
262	99	70	44	1
263	91	76	44	1
264	76	69	58	2
265	105	67	43	1
266	80	63	60	1
267	76	71	56	2
268	94	73	44	1
269	92	91	36	2
270	74	69	59	2
271	99	62	49	2
272	98	71	43	2
273	108	83	33	1
274	97	76	40	2
275	101	57	51	2
276	93	77	41	1
277	71	70	59	1
278	120	66	37	3
279	104	74	38	1
280	103	59	48	1
281	70	68	61	2
282	89	65	50	2
283	120	80	30	2
284	118	58	42	1
285	87	66	50	1
286	90	74	43	3
287	100	54	53	1
288	95	70	43	1
289	72	64	62	1
290	78	69	53	1
291	78	73	50	1
292	74	63	61	2
293	110	68	38	1
294	93	71	43	3
295	103	67	41	1
296	83	63	54	1
297	83	79	43	1
298	107	85	31	1
299	86	63	52	1
300	70	67	60	1
301	98	87	33	2
302	87	61	53	1
303	120	60	39	1
304	108	70	37	2
305	81	69	50	1
306	80	61	57	3
307	95	65	45	1
308	99	62	45	1
309	81	62	55	1
310	73	70	54	2
311	116	99	24	1
312	74	73	51	1
313	89	58	53	1
314	116	84	28	1
315	102	89	30	1
316	120	73	31	1
317	113	89	27	1
318	69	69	57	1
319	80	65	52	1
320	98	89	31	1
321	90	77	39	1
322	117	49	47	2
323	101	86	31	2
324	98	67	41	2
325	80	70	48	1
326	71	63	60	1
327	84	59	54	1
328	85	64	49	2
329	87	71	43	1
330	75	62	57	1
331	97	65	42	1
332	104	94	27	2
333	78	69	49	1
334	102	55	47	2
335	111	95	25	2
336	71	70	53	1
337	93	59	48	1
338	75	65	54	1
339	91	59	49	1
340	80	62	53	1
341	85	63	49	1
342	65	65	62	1
343	88	85	35	2
344	117	72	31	2
345	114	52	44	1
346	83	57	55	1
347	95	72	38	2
348	70	64	58	1
349	78	64	52	1
350	107	55	44	1
351	82	77	41	1
352	83	74	42	1
353	106	81	30	1
354	86	68	44	1
355	113	69	33	1
356	94	57	48	1
357	72	70	51	1
358	77	71	47	2
359	68	64	59	2
360	102	66	38	2
361	76	66	51	1
362	98	59	44	1
363	74	66	52	3
364	83	71	43	1
365	78	69	47	1
366	89	66	43	1
367	99	51	50	1
368	78	77	42	2
369	91	77	36	1
370	92	74	37	1
371	100	51	49	1
372	90	75	37	1
373	90	73	38	1
374	80	74	42	1
375	72	69	50	1
376	86	78	37	1
377	95	52	50	1
378	94	71	37	1
379	90	70	39	1
380	99	62	40	1
381	93	66	40	1
382	71	64	54	1
383	96	91	28	1
384	80	71	43	1
385	88	63	44	1
386	83	65	45	1
387	105	55	42	1
388	75	66	49	1
389	118	57	36	1
390	101	57	42	1
391	88	74	37	1
392	100	73	33	1
393	96	57	44	1
394	72	71	47	2
395	84	65	44	1
396	101	54	44	1
397	93	78	33	1
398	116	76	27	1
399	92	76	34	2
400	82	69	42	2
401	88	54	50	1
402	97	94	26	1
403	74	71	45	2
404	89	68	39	1
405	91	68	38	1
406	119	58	34	2
407	83	64	44	1
408	94	55	45	2
409	75	66	47	1
410	98	91	26	1
411	91	67	38	3
412	108	65	33	1
413	116	83	24	1
414	80	72	40	1
415	116	55	36	1
416	102	64	35	2
417	81	74	38	2
418	69	66	50	1
419	92	75	33	1
420	74	64	48	1
421	108	75	28	1
422	119	76	25	1
423	91	80	31	1
424	75	59	51	1
425	119	59	32	2
426	99	63	36	1
427	112	87	23	1
428	83	75	36	1
429	79	59	48	1
430	95	67	35	1
431	77	59	49	1
432	104	59	36	1
433	92	51	47	1
434	79	62	45	1
435	73	58	52	1
436	88	64	39	1
437	92	77	31	1
438	100	61	36	2
439	109	53	38	2
440	68	62	52	1
441	77	58	49	1
442	88	69	36	1
443	81	69	39	1
444	112	54	36	1
445	84	70	37	3
446	106	51	40	1
447	92	51	46	1
448	68	66	48	2
449	100	58	37	2
450	91	60	39	1
451	99	65	33	1
452	98	57	38	1
453	90	62	38	2
454	110	47	41	2
455	107	66	30	2
456	92	62	37	1
457	107	73	27	1
458	76	73	38	1
459	97	83	26	1
460	114	68	27	1
461	109	48	40	2
462	80	58	45	1
463	112	69	27	1
464	73	57	50	1
465	77	54	50	1
466	111	55	34	1
467	79	57	46	1
468	91	65	35	1
469	78	52	51	1
470	96	65	33	1
471	99	67	31	2
472	84	61	40	1
473	115	71	25	1
474	113	45	40	1
475	94	49	44	1
476	95	79	27	1
477	74	57	48	1
478	85	58	41	1
479	82	60	41	2
480	78	55	47	1
481	77	58	45	1
482	91	58	38	1
483	97	53	39	1
484	98	60	34	1
485	106	57	33	1
486	99	61	33	1
487	67	63	47	1
488	114	60	29	1
489	81	72	34	1
490	81	61	40	1
491	103	91	21	1
492	84	71	33	1
493	91	72	30	1
494	120	42	39	1
495	83	74	32	2
496	119	61	27	2
497	114	45	38	1
498	113	66	26	2
499	102	54	35	2
500	107	75	24	1
501	114	51	33	2
502	71	60	45	1
503	103	64	29	1
504	72	63	42	1
505	94	46	44	1
506	116	41	40	1
507	107	71	25	2
508	99	58	33	2
509	75	63	40	1
510	82	49	47	1
511	78	59	41	1
512	89	53	40	2
513	71	59	45	1
514	76	67	37	1
515	77	66	37	1
516	93	47	43	1
517	85	67	33	1
518	108	60	29	1
519	71	64	41	1
520	80	58	40	1
521	92	65	31	1
522	90	76	27	1
523	94	49	40	1
524	66	62	45	1
525	78	62	38	1
526	84	84	26	1
527	98	55	34	1
528	67	65	42	1
529	94	54	36	1
530	117	78	20	1
531	101	72	25	3
532	80	54	42	1
533	88	76	27	1
534	60	59	51	1
535	120	47	32	1
536	62	57	51	1
537	99	70	26	1
538	79	69	33	1
539	76	55	43	1
540	72	58	43	1
541	96	89	21	1
542	74	55	44	1
543	95	65	29	1
544	72	71	35	1
545	66	53	51	1
546	74	56	43	2
547	83	65	33	1
548	70	54	47	1
549	84	64	33	1
550	97	87	21	1
551	100	59	30	1
552	79	70	32	2
553	100	61	29	3
554	68	54	48	1
555	96	59	31	1
556	108	45	36	1
557	70	53	47	1
558	84	74	28	1
559	97	69	26	1
560	101	43	40	1
561	73	72	33	1
562	74	65	36	1
563	72	65	37	1
564	111	62	25	1
565	91	59	32	1
566	101	81	21	1
567	79	53	41	1
568	104	55	30	1
569	84	58	35	2
570	76	59	38	3
571	103	59	28	1
572	98	62	28	2
573	90	54	35	1
574	67	59	43	1
575	82	74	28	1
576	77	71	31	1
577	80	66	32	1
578	81	63	33	2
579	82	54	38	1
580	87	46	42	2
581	115	54	27	1
582	62	60	45	1
583	104	67	24	1
584	106	63	25	1
585	93	46	39	1
586	68	57	43	1
587	99	42	40	1
588	77	54	40	2
589	72	66	35	2
590	104	47	34	2
591	94	52	34	1
592	88	59	32	1
593	107	47	33	1
594	69	65	37	1
595	94	88	20	1
596	73	58	39	2
597	96	43	40	1
598	62	59	45	1
599	80	54	38	1
600	86	56	34	1
601	91	69	26	1
602	57	54	53	1
603	74	71	31	1
604	105	47	33	1
605	100	44	37	1
606	87	85	22	1
607	70	58	40	1
608	92	84	21	1
609	104	60	26	2
610	92	44	40	1
611	71	53	43	1
612	115	52	27	2
613	79	55	37	2
614	60	57	47	2
615	106	56	27	1
616	110	47	31	1
617	63	62	41	3
618	60	53	50	1
619	80	55	36	1
620	93	68	25	1
621	78	47	43	1
622	74	53	40	1
623	99	48	33	1
624	84	64	29	1
625	73	52	41	3
626	65	57	42	1
627	76	66	31	2
628	79	53	37	1
629	96	62	26	2
630	66	65	36	1
631	55	55	51	1
632	106	58	25	1
633	59	59	44	1
634	95	70	23	1
635	88	51	34	2
636	89	55	31	1
637	66	56	41	1
638	59	53	48	2
639	94	43	37	1
640	90	46	36	1
641	96	47	33	1
642	90	57	29	1
643	98	66	23	2
644	109	47	29	1
645	104	51	28	1
646	80	43	43	1
647	79	52	36	1
648	64	49	47	1
649	120	35	35	1
650	75	49	40	2
651	95	44	35	3
652	73	50	40	1
653	79	44	42	1
654	62	49	48	2
655	112	52	25	1
656	118	56	22	3
657	84	69	25	1
658	70	47	44	1
659	81	66	27	1
660	118	47	26	1
661	88	63	26	1
662	76	45	42	1
663	70	50	41	1
664	61	50	47	1
665	73	49	40	1
666	70	60	34	1
667	117	61	20	1
668	87	41	40	1
669	97	49	30	1
670	59	51	47	1
671	62	60	38	1
672	79	54	33	1
673	68	59	35	1
674	100	52	27	1
675	98	55	26	1
676	73	71	27	1
677	69	46	44	1
678	75	49	38	1
679	94	53	28	1
680	109	53	24	1
681	86	67	24	1
682	85	65	25	1
683	83	52	32	1
684	100	46	30	1
685	81	65	26	2
686	61	51	44	1
687	56	53	46	1
688	81	58	29	1
689	100	41	33	1
690	89	56	27	2
691	64	60	35	1
692	71	61	31	1
693	77	60	29	2
694	78	52	33	1
695	107	39	32	2
696	97	43	32	1
697	95	50	28	2
698	76	50	35	1
699	85	78	20	1
700	109	45	27	2
701	72	51	36	1
702	100	44	30	1
703	77	45	38	1
704	69	68	28	1
705	96	57	24	2
706	75	46	38	1
707	65	53	38	1
708	95	55	25	1
709	75	47	37	2
710	111	39	30	1
711	87	62	24	1
712	74	53	33	1
713	66	63	31	1
714	75	52	33	1
715	68	61	31	1
716	82	49	32	1
717	80	59	27	1
718	80	43	37	2
719	94	45	30	1
720	72	45	39	1
721	114	41	27	2
722	75	48	35	1
723	116	40	27	1
724	75	45	37	1
725	65	58	33	3
726	74	67	25	2
727	75	55	30	1
728	72	52	33	1
729	71	58	30	1
730	72	49	35	2
731	99	43	29	2
732	69	63	28	4
733	80	39	39	2
734	120	39	26	1
735	82	41	36	1
736	56	55	39	2
737	56	51	42	2
738	89	56	24	1
739	85	67	21	1
740	71	43	39	1
741	80	45	33	1
742	93	44	29	1
743	78	46	33	1
744	86	43	32	1
745	61	45	43	1
746	84	52	27	1
747	86	38	36	1
748	80	42	35	1
749	71	46	36	1
750	72	48	34	1
751	62	61	31	2
752	58	53	38	1
753	75	43	36	1
754	83	45	31	1
755	74	71	22	1
756	98	38	31	1
757	67	42	41	1
758	70	42	39	1
759	63	52	35	1
760	112	51	20	1
761	52	51	43	3
762	83	44	31	2
763	85	39	34	1
764	72	42	37	1
765	53	49	43	2
766	67	46	36	1
767	86	56	23	2
768	82	54	25	1
769	88	38	33	1
770	109	46	22	1
771	77	53	27	1
772	90	47	26	1
773	52	47	45	1
774	93	47	25	2
775	96	42	27	1
776	97	36	31	1
777	54	50	40	1
778	72	50	30	1
779	57	51	37	1
780	103	36	29	1
781	64	54	31	1
782	72	45	33	1
783	90	36	33	1
784	82	50	26	1
785	71	60	25	1
786	76	50	28	2
787	95	35	32	1
788	68	50	31	1
789	120	38	23	1
790	75	41	34	2
791	56	53	35	1
792	65	53	30	3
793	114	31	29	1
794	70	43	34	1
795	110	32	29	2
796	68	48	31	1
797	78	54	24	1
798	74	47	29	1
799	79	44	29	2
800	60	56	30	1
801	100	42	24	1
802	109	42	22	1
803	58	56	31	1
804	94	51	21	3
805	61	41	40	1
806	70	51	28	1
807	58	49	35	1
808	64	42	37	2
809	73	42	32	1
810	63	62	25	1
811	100	36	27	1
812	89	39	28	1
813	77	45	28	1
814	114	37	23	1
815	100	46	21	1
816	100	48	20	1
817	115	32	26	2
818	80	35	34	2
819	102	31	30	1
820	94	40	25	1
821	101	31	30	1
822	52	43	42	2
823	71	41	32	1
824	95	35	28	2
825	78	54	22	1
826	82	49	23	1
827	93	33	30	1
828	58	51	31	1
829	57	40	40	1
830	60	41	37	2
831	106	39	22	2
832	96	35	27	1
833	63	45	32	3
834	68	53	25	3
835	68	63	21	1
836	58	50	31	1
837	86	36	29	1
838	69	65	20	1
839	65	55	25	3
840	80	36	31	2
841	80	53	21	1
842	60	57	26	2
843	61	47	31	1
844	87	34	30	1
845	81	42	26	1
846	65	40	34	1
847	57	53	29	1
848	82	41	26	1
849	105	32	26	1
850	64	62	22	2
851	67	42	31	1
852	55	45	35	1
853	77	45	25	1
854	77	34	33	1
855	70	41	30	1
856	61	44	32	1
857	75	38	30	1
858	72	37	32	1
859	74	36	32	1
860	65	57	23	2
861	99	43	20	1
862	56	41	37	2
863	95	33	27	1
864	65	50	26	1
865	74	38	30	3
866	60	39	36	1
867	91	33	28	2
868	90	31	30	1
869	116	36	20	1
870	64	36	36	1
871	85	39	25	1
872	62	43	31	1
873	66	39	32	1
874	61	45	30	1
875	78	34	31	1
876	57	41	35	2
877	44	44	42	1
878	59	53	26	2
879	109	31	24	2
880	84	37	26	1
881	46	45	39	1
882	66	37	33	1
883	49	41	40	1
884	72	36	31	2
885	99	30	27	1
886	54	41	36	1
887	51	40	39	1
888	82	46	21	2
889	101	29	27	2
890	94	32	26	1
891	58	43	31	1
892	71	35	31	1
893	59	45	29	1
894	80	37	26	2
895	118	26	25	1
896	63	38	32	1
897	53	40	36	1
898	53	48	30	1
899	63	40	30	1
900	52	44	33	2
901	64	49	24	1
902	74	35	29	2
903	70	50	21	1
904	66	48	23	1
905	56	52	25	1
906	56	50	26	1
907	51	47	30	1
908	56	41	31	2
909	57	46	27	1
910	55	40	32	1
911	60	45	26	2
912	53	44	30	2
913	57	53	23	3
914	63	38	29	1
915	107	32	20	2
916	62	44	25	1
917	42	41	39	1
918	43	40	39	1
919	52	43	30	2
920	58	36	32	1
921	50	38	35	1
922	65	33	31	1
923	59	34	33	1
924	63	45	23	1
925	98	33	20	1
926	80	31	26	1
927	54	41	29	1
928	59	35	31	1
929	54	38	31	1
930	73	31	28	1
931	55	37	31	1
932	78	31	26	1
933	57	55	20	2
934	53	38	31	1
935	76	41	20	2
936	50	46	27	1
937	113	26	21	1
938	73	42	20	1
939	53	34	34	1
940	49	39	32	1
941	62	34	29	2
942	47	38	34	1
943	48	38	33	1
944	52	35	33	1
945	74	30	27	1
946	69	31	28	1
947	89	29	23	1
948	40	40	37	1
949	71	32	26	1
950	52	41	27	1
951	83	33	21	1
952	42	39	35	1
953	59	32	30	1
954	46	39	31	1
955	48	35	33	1
956	49	48	23	1
957	66	30	27	2
958	52	32	32	1
959	54	36	27	1
960	75	29	24	1
961	78	30	22	1
962	61	35	24	1
963	62	33	25	1
964	40	38	33	1
965	56	40	22	2
966	56	35	25	1
967	63	37	21	1
968	59	41	20	1
969	63	29	26	1
970	53	34	26	1
971	48	39	25	1
972	52	36	25	1
973	58	35	23	1
974	83	28	20	1
975	53	43	20	1
976	52	41	21	1
977	42	35	30	3
978	44	38	26	1
979	73	29	20	1
980	41	38	27	1
981	36	35	33	1
982	41	32	31	1
983	43	36	26	1
984	46	39	22	1
985	70	25	22	1
986	54	33	20	1
987	52	30	22	1
988	41	33	25	1
989	38	29	28	1
990	34	32	27	1
991	38	28	25	1
