Mack/Bortfeldt(2008)
Bin-Packing-Problem
BP-RG/SBSBPP/SSSCSP
Testcase-ID	4
Problem-ID	122
no_item_types	797
no_items	1274
CONTAINER_DATA (l,w,h)	485	131	118
ITEMS_DATA:
Type	x	y	z	no_items
1	118	100	75	1
2	120	89	77	1
3	113	100	72	1
4	105	99	77	2
5	118	89	71	2
6	119	79	79	1
7	108	97	70	1
8	113	83	76	2
9	100	90	79	1
10	99	90	78	3
11	111	81	77	1
12	108	86	74	1
13	98	94	74	1
14	120	92	61	1
15	103	97	67	2
16	111	90	67	1
17	114	82	71	1
18	99	98	68	1
19	111	86	69	1
20	100	87	74	2
21	112	97	59	2
22	104	81	75	2
23	93	89	76	1
24	119	81	65	4
25	97	88	72	1
26	120	80	64	2
27	99	84	73	4
28	101	91	66	2
29	111	80	68	1
30	92	89	73	1
31	112	82	65	3
32	116	79	65	2
33	99	97	62	1
34	88	88	76	2
35	115	85	60	3
36	100	96	61	2
37	99	82	72	2
38	114	93	55	2
39	99	89	66	2
40	109	73	73	1
41	110	74	71	1
42	107	77	70	1
43	100	83	69	1
44	115	72	69	1
45	96	80	74	1
46	117	79	61	1
47	111	93	54	1
48	103	79	68	1
49	119	76	61	3
50	93	80	74	1
51	115	92	52	3
52	87	79	79	1
53	102	78	68	1
54	111	90	54	1
55	116	69	67	1
56	102	99	53	3
57	114	78	60	2
58	111	97	49	2
59	104	80	63	1
60	102	95	54	1
61	114	90	51	2
62	95	80	67	1
63	91	87	64	1
64	106	80	59	1
65	97	72	71	3
66	93	90	59	1
67	97	77	66	4
68	95	84	61	1
69	105	71	65	1
70	89	77	70	1
71	99	88	55	2
72	116	70	59	1
73	113	78	54	2
74	96	75	66	1
75	91	79	66	1
76	98	93	52	1
77	95	75	66	1
78	117	73	55	1
79	108	69	63	1
80	93	84	60	2
81	105	70	63	1
82	89	85	61	1
83	91	79	64	2
84	86	78	68	2
85	80	78	73	1
86	83	83	66	2
87	99	68	67	2
88	99	71	64	2
89	100	77	58	2
90	104	69	62	1
91	77	76	76	2
92	89	79	63	2
93	82	75	72	3
94	94	70	67	2
95	90	74	66	1
96	98	80	56	2
97	95	71	65	1
98	116	66	57	2
99	118	97	38	1
100	95	80	57	2
101	88	72	68	1
102	110	100	39	1
103	82	78	67	1
104	79	76	71	1
105	96	87	51	1
106	118	75	48	1
107	82	77	67	1
108	76	75	74	1
109	94	72	62	1
110	104	72	56	1
111	104	64	63	1
112	94	91	49	1
113	82	74	69	1
114	93	68	66	1
115	77	75	72	1
116	113	75	49	1
117	99	79	53	2
118	93	73	61	1
119	100	72	56	1
120	91	67	66	1
121	98	73	56	1
122	108	65	57	3
123	112	70	51	2
124	86	83	56	1
125	96	83	50	1
126	95	71	59	1
127	80	77	64	1
128	106	82	45	1
129	84	76	61	2
130	113	65	53	1
131	120	92	35	1
132	90	78	55	1
133	87	87	51	2
134	81	69	69	2
135	87	71	62	2
136	108	60	59	1
137	108	62	57	1
138	89	67	64	1
139	99	80	48	2
140	95	70	57	2
141	94	77	52	3
142	116	81	40	2
143	117	73	44	1
144	101	93	40	2
145	107	90	39	1
146	97	73	53	1
147	96	77	50	2
148	78	74	64	1
149	93	81	49	2
150	87	80	53	3
151	98	67	56	1
152	118	66	47	1
153	85	66	65	1
154	74	72	68	1
155	76	72	66	1
156	120	79	38	2
157	78	71	65	1
158	91	81	48	1
159	78	73	62	2
160	104	64	53	2
161	72	71	69	1
162	79	73	61	1
163	101	77	45	1
164	108	90	36	1
165	94	79	47	1
166	120	58	50	3
167	109	76	42	1
168	111	76	41	1
169	87	73	54	1
170	113	74	41	2
171	85	67	60	1
172	90	69	55	1
173	117	54	54	2
174	104	58	56	1
175	108	74	42	1
176	94	83	43	2
177	108	72	43	2
178	84	78	51	1
179	78	68	63	2
180	88	88	43	2
181	92	86	42	1
182	87	72	53	1
183	104	72	44	1
184	98	60	56	1
185	74	74	60	3
186	90	64	57	1
187	92	81	44	2
188	119	55	50	2
189	94	60	58	1
190	103	72	44	1
191	118	69	40	2
192	113	72	40	3
193	107	69	44	2
194	116	65	43	1
195	90	60	60	1
196	82	79	50	1
197	105	79	39	2
198	82	70	56	1
199	86	76	49	1
200	82	64	61	3
201	106	86	35	1
202	101	75	42	1
203	89	70	51	1
204	92	80	43	1
205	81	79	49	1
206	112	64	43	1
207	73	68	62	1
208	76	65	62	1
209	79	68	57	1
210	99	70	44	1
211	91	76	44	1
212	76	69	58	1
213	105	67	43	3
214	76	71	56	3
215	94	73	44	1
216	92	91	36	2
217	74	69	59	1
218	99	62	49	1
219	98	71	43	1
220	108	83	33	1
221	97	76	40	1
222	101	57	51	3
223	93	77	41	1
224	71	70	59	1
225	120	66	37	2
226	104	74	38	1
227	70	68	61	1
228	89	65	50	1
229	120	80	30	1
230	118	58	42	1
231	87	66	50	1
232	90	74	43	1
233	100	54	53	2
234	95	70	43	2
235	78	69	53	4
236	74	63	61	1
237	93	71	43	5
238	103	67	41	1
239	83	63	54	1
240	83	79	43	1
241	107	85	31	1
242	86	63	52	1
243	70	67	60	2
244	98	87	33	1
245	87	61	53	1
246	120	60	39	1
247	108	70	37	4
248	81	69	50	2
249	80	61	57	2
250	95	65	45	3
251	99	62	45	1
252	81	62	55	1
253	73	70	54	2
254	116	99	24	2
255	74	73	51	1
256	89	58	53	1
257	116	84	28	1
258	102	89	30	1
259	113	89	27	2
260	69	69	57	1
261	80	65	52	1
262	90	77	39	1
263	117	49	47	2
264	101	86	31	2
265	80	70	48	1
266	71	63	60	3
267	84	59	54	2
268	85	64	49	1
269	87	71	43	2
270	75	62	57	1
271	104	94	27	1
272	78	69	49	1
273	111	95	25	1
274	71	70	53	1
275	91	59	49	2
276	80	62	53	1
277	88	85	35	2
278	117	72	31	3
279	114	52	44	1
280	83	57	55	2
281	95	72	38	1
282	70	64	58	3
283	107	55	44	1
284	82	77	41	1
285	83	74	42	2
286	106	81	30	2
287	86	68	44	1
288	94	57	48	2
289	72	70	51	1
290	77	71	47	2
291	68	64	59	1
292	102	66	38	3
293	76	66	51	2
294	98	59	44	2
295	74	66	52	2
296	83	71	43	4
297	78	69	47	3
298	89	66	43	2
299	99	51	50	2
300	91	77	36	2
301	90	75	37	1
302	90	73	38	2
303	80	74	42	2
304	72	69	50	1
305	86	78	37	1
306	94	71	37	3
307	90	70	39	1
308	93	66	40	1
309	99	62	40	1
310	71	64	54	2
311	96	91	28	5
312	80	71	43	2
313	88	63	44	1
314	75	66	49	1
315	101	57	42	2
316	88	74	37	1
317	100	73	33	1
318	96	57	44	2
319	72	71	47	1
320	84	65	44	1
321	101	54	44	2
322	93	78	33	2
323	92	76	34	4
324	82	69	42	2
325	97	94	26	3
326	89	68	39	1
327	91	68	38	1
328	119	58	34	2
329	83	64	44	1
330	75	66	47	3
331	98	91	26	1
332	91	67	38	1
333	108	65	33	2
334	116	83	24	1
335	80	72	40	1
336	116	55	36	3
337	102	64	35	1
338	81	74	38	1
339	69	66	50	1
340	108	75	28	2
341	119	76	25	1
342	91	80	31	2
343	119	59	32	1
344	99	63	36	1
345	112	87	23	1
346	77	59	49	2
347	104	59	36	1
348	92	51	47	1
349	73	58	52	4
350	92	77	31	3
351	100	61	36	1
352	109	53	38	1
353	68	62	52	2
354	77	58	49	1
355	88	69	36	1
356	81	69	39	2
357	112	54	36	1
358	106	51	40	2
359	92	51	46	2
360	68	66	48	1
361	100	58	37	2
362	91	60	39	3
363	99	65	33	2
364	98	57	38	1
365	90	62	38	2
366	110	47	41	2
367	107	66	30	2
368	92	62	37	1
369	107	73	27	1
370	76	73	38	2
371	97	83	26	1
372	114	68	27	1
373	109	48	40	2
374	80	58	45	2
375	112	69	27	2
376	73	57	50	1
377	77	54	50	2
378	111	55	34	2
379	79	57	46	2
380	91	65	35	1
381	96	65	33	1
382	99	67	31	1
383	84	61	40	2
384	115	71	25	1
385	113	45	40	5
386	94	49	44	1
387	95	79	27	1
388	85	58	41	2
389	78	55	47	1
390	77	58	45	2
391	97	53	39	1
392	98	60	34	2
393	106	57	33	2
394	99	61	33	2
395	67	63	47	1
396	114	60	29	2
397	81	61	40	3
398	103	91	21	1
399	84	71	33	2
400	91	72	30	2
401	83	74	32	2
402	119	61	27	1
403	114	45	38	2
404	113	66	26	3
405	102	54	35	1
406	107	75	24	1
407	114	51	33	1
408	103	64	29	1
409	72	63	42	1
410	116	41	40	1
411	107	71	25	1
412	99	58	33	2
413	75	63	40	1
414	82	49	47	1
415	71	59	45	1
416	76	67	37	3
417	93	47	43	1
418	85	67	33	2
419	108	60	29	2
420	71	64	41	2
421	80	58	40	2
422	90	76	27	2
423	66	62	45	2
424	78	62	38	2
425	84	84	26	1
426	98	55	34	1
427	67	65	42	3
428	94	54	36	1
429	117	78	20	1
430	101	72	25	1
431	120	47	32	1
432	62	57	51	2
433	99	70	26	4
434	79	69	33	2
435	76	55	43	1
436	72	58	43	2
437	74	55	44	1
438	72	71	35	1
439	66	53	51	1
440	74	56	43	1
441	83	65	33	1
442	70	54	47	1
443	84	64	33	4
444	97	87	21	1
445	100	59	30	2
446	79	70	32	2
447	100	61	29	1
448	68	54	48	1
449	96	59	31	1
450	108	45	36	4
451	84	74	28	1
452	97	69	26	1
453	101	43	40	3
454	73	72	33	3
455	72	65	37	2
456	101	81	21	1
457	79	53	41	1
458	104	55	30	3
459	84	58	35	4
460	76	59	38	1
461	103	59	28	1
462	98	62	28	1
463	90	54	35	1
464	67	59	43	1
465	82	74	28	1
466	80	66	32	2
467	82	54	38	1
468	87	46	42	2
469	115	54	27	1
470	104	67	24	2
471	106	63	25	2
472	93	46	39	1
473	68	57	43	1
474	77	54	40	1
475	94	52	34	2
476	104	47	34	1
477	88	59	32	3
478	107	47	33	1
479	69	65	37	1
480	94	88	20	1
481	73	58	39	1
482	62	59	45	2
483	80	54	38	1
484	86	56	34	2
485	91	69	26	4
486	57	54	53	1
487	74	71	31	1
488	105	47	33	1
489	100	44	37	1
490	87	85	22	2
491	70	58	40	2
492	92	84	21	2
493	104	60	26	1
494	92	44	40	2
495	71	53	43	2
496	79	55	37	2
497	60	57	47	3
498	106	56	27	3
499	110	47	31	1
500	63	62	41	2
501	93	68	25	1
502	78	47	43	3
503	74	53	40	4
504	84	64	29	2
505	73	52	41	1
506	65	57	42	1
507	76	66	31	1
508	79	53	37	1
509	96	62	26	2
510	66	65	36	1
511	55	55	51	2
512	106	58	25	4
513	59	59	44	1
514	95	70	23	2
515	88	51	34	3
516	89	55	31	1
517	66	56	41	2
518	59	53	48	1
519	96	47	33	1
520	90	57	29	3
521	98	66	23	3
522	109	47	29	1
523	80	43	43	1
524	79	52	36	1
525	64	49	47	2
526	75	49	40	2
527	120	35	35	1
528	95	44	35	1
529	73	50	40	3
530	62	49	48	2
531	112	52	25	1
532	118	56	22	3
533	84	69	25	2
534	70	47	44	1
535	81	66	27	2
536	118	47	26	1
537	88	63	26	2
538	76	45	42	2
539	70	50	41	2
540	73	49	40	1
541	70	60	34	1
542	117	61	20	1
543	87	41	40	1
544	97	49	30	1
545	59	51	47	2
546	79	54	33	1
547	68	59	35	2
548	100	52	27	1
549	73	71	27	1
550	69	46	44	2
551	94	53	28	2
552	109	53	24	1
553	85	65	25	2
554	83	52	32	1
555	100	46	30	2
556	81	65	26	2
557	61	51	44	1
558	56	53	46	1
559	81	58	29	2
560	100	41	33	2
561	64	60	35	2
562	71	61	31	1
563	77	60	29	4
564	78	52	33	1
565	107	39	32	1
566	97	43	32	1
567	76	50	35	1
568	85	78	20	2
569	109	45	27	1
570	72	51	36	2
571	96	57	24	1
572	75	46	38	3
573	65	53	38	2
574	95	55	25	2
575	87	62	24	3
576	74	53	33	1
577	66	63	31	1
578	75	52	33	2
579	68	61	31	2
580	82	49	32	1
581	80	43	37	1
582	94	45	30	1
583	72	45	39	1
584	114	41	27	2
585	116	40	27	2
586	75	45	37	1
587	65	58	33	3
588	74	67	25	2
589	72	52	33	1
590	71	58	30	3
591	72	49	35	1
592	99	43	29	1
593	82	41	36	1
594	89	56	24	1
595	85	67	21	1
596	71	43	39	1
597	80	45	33	2
598	78	46	33	1
599	86	43	32	1
600	61	45	43	1
601	84	52	27	1
602	86	38	36	2
603	80	42	35	3
604	72	48	34	1
605	62	61	31	1
606	58	53	38	1
607	75	43	36	2
608	83	45	31	1
609	74	71	22	1
610	98	38	31	1
611	63	52	35	2
612	70	42	39	3
613	85	39	34	1
614	72	42	37	1
615	53	49	43	1
616	67	46	36	1
617	86	56	23	3
618	88	38	33	2
619	109	46	22	2
620	77	53	27	1
621	52	47	45	2
622	93	47	25	1
623	72	50	30	1
624	57	51	37	2
625	103	36	29	1
626	64	54	31	1
627	90	36	33	1
628	71	60	25	3
629	76	50	28	1
630	68	50	31	3
631	75	41	34	2
632	56	53	35	3
633	65	53	30	3
634	114	31	29	1
635	70	43	34	2
636	110	32	29	1
637	68	48	31	2
638	78	54	24	3
639	74	47	29	3
640	79	44	29	2
641	100	42	24	1
642	109	42	22	3
643	58	56	31	2
644	94	51	21	1
645	61	41	40	1
646	70	51	28	2
647	58	49	35	1
648	73	42	32	2
649	63	62	25	2
650	89	39	28	1
651	77	45	28	1
652	114	37	23	1
653	100	46	21	1
654	100	48	20	1
655	115	32	26	2
656	80	35	34	1
657	102	31	30	2
658	94	40	25	3
659	101	31	30	1
660	52	43	42	1
661	71	41	32	1
662	95	35	28	3
663	78	54	22	2
664	58	51	31	1
665	57	40	40	1
666	106	39	22	1
667	96	35	27	1
668	63	45	32	1
669	68	53	25	2
670	68	63	21	2
671	86	36	29	2
672	69	65	20	1
673	65	55	25	1
674	80	36	31	4
675	80	53	21	1
676	60	57	26	2
677	61	47	31	2
678	81	42	26	1
679	65	40	34	2
680	57	53	29	1
681	105	32	26	3
682	64	62	22	2
683	67	42	31	3
684	55	45	35	1
685	77	45	25	2
686	77	34	33	2
687	70	41	30	1
688	61	44	32	1
689	75	38	30	1
690	72	37	32	3
691	65	57	23	1
692	99	43	20	2
693	56	41	37	3
694	95	33	27	1
695	74	38	30	2
696	60	39	36	3
697	91	33	28	1
698	116	36	20	2
699	64	36	36	1
700	62	43	31	3
701	66	39	32	2
702	78	34	31	3
703	44	44	42	2
704	59	53	26	2
705	109	31	24	2
706	84	37	26	1
707	66	37	33	2
708	72	36	31	2
709	54	41	36	1
710	51	40	39	2
711	82	46	21	2
712	101	29	27	5
713	58	43	31	1
714	71	35	31	1
715	118	26	25	2
716	63	38	32	3
717	53	48	30	1
718	63	40	30	1
719	64	49	24	2
720	74	35	29	2
721	70	50	21	2
722	66	48	23	4
723	56	52	25	3
724	56	50	26	1
725	51	47	30	1
726	56	41	31	1
727	57	46	27	1
728	55	40	32	1
729	60	45	26	1
730	53	44	30	1
731	57	53	23	1
732	63	38	29	2
733	62	44	25	1
734	42	41	39	2
735	43	40	39	1
736	50	38	35	1
737	63	45	23	2
738	98	33	20	2
739	80	31	26	1
740	54	41	29	3
741	59	35	31	2
742	73	31	28	2
743	55	37	31	1
744	78	31	26	2
745	57	55	20	1
746	53	38	31	2
747	76	41	20	2
748	50	46	27	1
749	73	42	20	1
750	53	34	34	1
751	49	39	32	2
752	47	38	34	1
753	48	38	33	1
754	74	30	27	1
755	69	31	28	1
756	89	29	23	3
757	40	40	37	1
758	71	32	26	2
759	52	41	27	2
760	83	33	21	1
761	42	39	35	2
762	59	32	30	1
763	48	35	33	2
764	49	48	23	3
765	66	30	27	1
766	52	32	32	1
767	54	36	27	1
768	75	29	24	1
769	78	30	22	2
770	61	35	24	1
771	62	33	25	2
772	40	38	33	1
773	56	40	22	3
774	56	35	25	1
775	63	37	21	1
776	59	41	20	1
777	53	34	26	1
778	52	36	25	2
779	48	39	25	1
780	58	35	23	2
781	83	28	20	2
782	53	43	20	1
783	52	41	21	1
784	42	35	30	1
785	44	38	26	1
786	73	29	20	2
787	41	38	27	2
788	36	35	33	1
789	41	32	31	1
790	43	36	26	1
791	70	25	22	2
792	54	33	20	1
793	52	30	22	1
794	41	33	25	2
795	38	29	28	1
796	34	32	27	1
797	38	28	25	5
