Mack/Bortfeldt(2008)
Bin-Packing-Problem
BP-RG/SBSBPP/SSSCSP
Testcase-ID	4
Problem-ID	79
no_item_types	300
no_items	1260
CONTAINER_DATA (l,w,h)	485	131	118
ITEMS_DATA:
Type	x	y	z	no_items
1	107	96	80	1
2	109	92	78	5
3	100	91	76	6
4	101	87	77	6
5	94	92	78	2
6	110	90	66	6
7	105	81	74	5
8	109	78	74	4
9	97	82	78	4
10	109	76	73	3
11	120	74	67	3
12	112	100	52	4
13	111	73	71	2
14	96	85	70	6
15	108	91	58	11
16	99	95	60	7
17	98	81	71	3
18	93	78	77	7
19	118	82	57	6
20	109	80	62	4
21	109	73	65	1
22	109	86	55	10
23	114	85	53	3
24	106	72	67	4
25	95	86	57	6
26	107	70	62	5
27	115	66	61	5
28	100	69	67	5
29	111	78	53	5
30	98	73	64	2
31	112	72	56	5
32	87	81	63	2
33	80	78	71	7
34	115	80	48	6
35	103	71	60	3
36	114	64	59	6
37	103	99	42	2
38	95	79	57	3
39	89	72	66	4
40	94	70	64	1
41	119	61	58	5
42	105	66	60	5
43	110	75	50	4
44	115	94	38	3
45	84	73	66	6
46	95	92	46	4
47	113	79	45	3
48	97	82	50	4
49	78	76	67	4
50	104	91	41	7
51	97	70	57	3
52	80	78	62	2
53	115	68	49	7
54	103	62	59	4
55	114	77	42	4
56	103	68	52	6
57	110	60	55	2
58	75	71	68	3
59	80	72	62	1
60	97	92	40	4
61	108	62	53	4
62	96	69	53	3
63	89	81	48	1
64	116	89	33	4
65	114	61	48	4
66	104	68	47	2
67	102	67	47	7
68	98	83	38	4
69	83	64	58	3
70	116	78	34	4
71	95	73	44	4
72	85	65	55	3
73	99	71	43	4
74	85	79	45	3
75	98	58	53	5
76	116	96	27	4
77	95	77	41	4
78	96	78	40	5
79	72	66	63	4
80	74	66	61	5
81	79	75	50	3
82	75	68	58	2
83	119	87	28	4
84	100	72	40	3
85	108	98	27	2
86	80	75	47	6
87	92	80	38	2
88	84	69	48	4
89	79	69	51	6
90	114	58	42	3
91	76	73	50	4
92	86	64	50	1
93	95	74	39	2
94	83	71	46	4
95	95	66	43	7
96	92	65	45	4
97	74	66	55	6
98	84	57	56	6
99	92	62	47	2
100	108	67	37	2
101	114	52	45	5
102	84	67	47	3
103	85	63	49	6
104	115	78	29	5
105	70	70	53	1
106	76	63	54	1
107	65	63	63	5
108	90	84	34	4
109	111	49	47	4
110	100	67	38	2
111	78	67	48	3
112	113	78	28	3
113	85	58	50	5
114	85	59	49	4
115	98	80	31	1
116	100	60	40	7
117	71	65	52	3
118	72	69	48	5
119	99	86	28	5
120	113	49	43	5
121	68	67	52	3
122	99	64	37	4
123	93	83	30	5
124	78	76	38	2
125	93	62	39	4
126	99	94	24	5
127	99	75	30	7
128	93	54	44	7
129	88	76	33	2
130	96	82	28	1
131	89	55	45	4
132	77	65	44	3
133	83	73	36	2
134	91	70	34	4
135	96	50	45	4
136	101	53	40	4
137	78	56	49	6
138	86	56	44	8
139	82	76	34	7
140	96	76	29	3
141	75	64	44	5
142	91	68	34	3
143	69	67	45	5
144	70	60	49	4
145	63	57	57	5
146	91	56	40	3
147	89	67	34	3
148	114	43	41	3
149	103	60	32	4
150	96	81	25	3
151	118	41	40	3
152	117	50	33	5
153	118	51	32	2
154	96	91	22	5
155	75	64	40	5
156	77	54	46	2
157	84	58	38	2
158	89	67	31	3
159	85	53	41	3
160	76	59	41	2
161	90	55	37	4
162	75	69	35	6
163	62	55	53	5
164	80	55	41	4
165	71	70	36	3
166	98	67	27	4
167	101	56	31	5
168	90	81	24	5
169	61	54	53	4
170	102	59	29	4
171	89	70	28	5
172	96	60	30	3
173	88	65	30	2
174	80	63	34	2
175	118	45	32	8
176	57	55	54	4
177	70	69	35	3
178	63	60	44	4
179	84	52	38	2
180	65	51	50	2
181	90	80	23	1
182	90	52	35	7
183	116	56	25	2
184	95	55	31	3
185	116	58	24	5
186	79	45	45	4
187	77	56	37	2
188	88	43	42	6
189	109	69	21	6
190	63	53	47	3
191	91	52	33	2
192	74	57	37	4
193	68	51	45	7
194	65	60	40	5
195	109	43	33	3
196	86	62	29	4
197	71	57	38	5
198	90	58	29	4
199	74	65	31	3
200	73	51	40	5
201	96	50	31	2
202	57	54	48	3
203	57	57	45	8
204	71	50	41	5
205	90	49	33	4
206	79	54	34	5
207	75	52	37	3
208	109	42	31	5
209	85	53	31	6
210	72	71	27	3
211	78	68	26	3
212	74	62	30	5
213	74	46	40	4
214	95	65	22	3
215	78	58	30	5
216	120	35	32	4
217	79	50	34	5
218	82	68	24	3
219	57	52	45	2
220	85	62	25	5
221	81	45	36	5
222	105	35	35	3
223	93	67	20	4
224	61	56	36	5
225	72	55	31	8
226	75	54	30	7
227	76	57	28	5
228	75	70	23	7
229	56	49	44	6
230	76	72	22	3
231	89	54	25	4
232	75	50	32	4
233	111	49	22	6
234	109	42	26	2
235	87	68	20	4
236	60	51	38	6
237	66	55	32	9
238	90	56	23	2
239	89	46	28	6
240	119	34	28	4
241	72	41	38	8
242	58	54	35	3
243	73	41	36	2
244	76	44	32	3
245	52	50	41	6
246	102	38	27	2
247	72	50	29	7
248	88	59	20	7
249	81	41	31	6
250	69	45	33	4
251	97	34	31	3
252	60	50	34	4
253	62	42	38	3
254	55	45	39	3
255	54	52	34	5
256	72	53	25	5
257	78	45	27	7
258	99	39	24	4
259	72	36	35	7
260	50	46	38	3
261	61	42	34	5
262	64	54	25	7
263	66	48	27	4
264	50	45	38	8
265	69	43	28	3
266	57	47	31	7
267	64	37	34	3
268	87	33	28	6
269	94	34	25	3
270	44	44	40	3
271	59	46	28	3
272	54	45	31	6
273	71	53	20	3
274	115	26	25	6
275	58	46	27	4
276	60	36	33	6
277	61	57	20	4
278	64	33	32	7
279	81	32	26	7
280	45	40	37	5
281	43	42	36	7
282	58	43	26	7
283	72	31	29	5
284	84	32	24	4
285	63	35	27	3
286	49	39	31	4
287	55	35	29	4
288	74	28	26	6
289	43	39	32	2
290	71	35	21	2
291	50	31	31	5
292	59	37	22	3
293	43	37	30	4
294	44	35	30	3
295	42	35	31	6
296	55	37	22	5
297	40	35	31	3
298	54	34	21	2
299	55	35	20	5
300	36	35	24	2
