Mack/Bortfeldt(2008)
Bin-Packing-Problem
BP-RG/SBSBPP/SSSCSP
Testcase-ID	4
Problem-ID	87
no_item_types	399
no_items	1214
CONTAINER_DATA (l,w,h)	485	131	118
ITEMS_DATA:
Type	x	y	z	no_items
1	120	98	74	3
2	120	99	72	2
3	115	98	63	1
4	118	98	57	3
5	102	100	62	1
6	99	91	70	2
7	103	100	60	3
8	117	88	60	5
9	96	81	78	7
10	104	92	63	6
11	108	84	66	1
12	88	85	80	3
13	114	77	67	3
14	104	86	65	2
15	113	75	68	3
16	97	80	73	3
17	109	74	70	2
18	119	69	68	2
19	107	73	70	1
20	94	88	66	1
21	103	91	58	3
22	97	93	60	2
23	98	92	59	2
24	116	71	64	5
25	93	91	62	3
26	92	86	66	6
27	90	78	74	2
28	99	86	61	3
29	114	100	45	2
30	109	92	51	2
31	120	69	61	3
32	117	87	49	2
33	100	93	53	6
34	84	79	74	2
35	93	89	59	1
36	95	84	61	2
37	89	78	70	3
38	97	86	58	2
39	117	70	59	2
40	99	87	56	4
41	96	90	55	5
42	109	68	64	2
43	115	77	53	2
44	94	78	64	7
45	102	74	62	2
46	88	75	70	1
47	104	70	63	4
48	92	74	67	2
49	99	99	46	2
50	91	76	65	2
51	115	78	50	5
52	113	76	52	3
53	89	82	61	2
54	111	70	57	4
55	99	77	58	3
56	92	69	69	3
57	97	77	58	2
58	98	72	61	4
59	113	95	40	3
60	120	65	55	4
61	120	99	36	3
62	111	98	39	3
63	116	69	53	1
64	97	80	54	3
65	104	66	61	2
66	94	68	65	7
67	87	78	61	2
68	78	73	72	4
69	79	73	71	5
70	112	73	50	5
71	80	79	64	2
72	78	73	71	4
73	92	87	50	3
74	92	82	53	3
75	119	67	50	2
76	113	88	40	6
77	97	64	64	4
78	103	89	43	2
79	106	63	59	1
80	76	76	68	2
81	98	69	57	4
82	104	74	50	4
83	90	71	60	3
84	98	64	61	4
85	102	69	54	2
86	94	68	59	2
87	105	81	44	2
88	98	93	41	4
89	99	85	44	3
90	82	76	59	4
91	74	73	68	4
92	101	71	51	3
93	108	69	49	4
94	111	64	51	2
95	89	70	58	3
96	99	91	40	3
97	98	73	50	2
98	102	71	49	5
99	75	72	64	4
100	85	70	58	2
101	93	80	46	4
102	77	71	62	2
103	88	80	48	3
104	109	72	43	2
105	96	65	54	2
106	90	81	46	1
107	109	68	45	3
108	70	69	69	3
109	100	83	40	2
110	93	78	45	2
111	84	68	57	6
112	97	68	49	1
113	86	67	56	1
114	80	73	54	1
115	83	64	59	1
116	114	56	49	2
117	118	66	40	4
118	85	69	53	1
119	87	68	52	3
120	68	67	67	3
121	84	63	57	3
122	98	64	48	3
123	82	79	46	2
124	94	83	38	3
125	112	71	37	5
126	78	72	51	2
127	119	65	37	3
128	78	63	58	4
129	73	72	54	3
130	105	73	37	2
131	89	65	49	4
132	80	62	57	3
133	96	63	46	2
134	107	67	38	6
135	118	72	32	4
136	104	52	50	1
137	95	71	40	2
138	93	69	42	1
139	84	58	55	4
140	89	70	43	1
141	87	57	54	3
142	113	81	29	3
143	100	55	48	3
144	89	57	52	3
145	116	84	27	2
146	74	68	52	2
147	86	80	38	4
148	110	74	32	3
149	91	84	34	1
150	91	81	35	3
151	99	76	34	4
152	120	66	32	2
153	90	55	51	2
154	75	67	50	1
155	105	77	31	3
156	84	67	44	3
157	81	71	43	4
158	99	96	26	2
159	109	55	41	3
160	118	65	32	1
161	78	56	56	2
162	89	67	41	3
163	92	68	39	3
164	84	63	46	3
165	76	76	42	1
166	108	59	38	1
167	80	63	48	3
168	66	62	59	2
169	76	69	46	3
170	89	53	51	4
171	89	67	40	3
172	99	51	47	3
173	87	68	40	5
174	67	63	56	1
175	84	56	50	2
176	112	51	41	4
177	94	69	36	4
178	83	70	40	2
179	120	84	23	3
180	96	73	33	2
181	119	67	29	1
182	99	80	29	2
183	74	73	42	4
184	90	86	29	1
185	98	69	33	3
186	96	58	40	2
187	97	69	33	4
188	70	63	50	2
189	73	58	52	4
190	110	47	42	5
191	67	66	49	2
192	102	96	22	3
193	76	64	44	3
194	78	75	36	5
195	100	78	27	5
196	91	56	41	4
197	84	56	44	4
198	90	51	45	6
199	94	61	36	5
200	98	60	35	3
201	90	60	38	2
202	73	54	52	3
203	95	63	34	2
204	104	78	25	1
205	66	61	50	2
206	110	63	29	5
207	81	67	37	1
208	82	72	34	2
209	80	54	46	5
210	81	51	48	4
211	88	75	30	5
212	112	49	36	3
213	75	57	46	2
214	68	54	53	2
215	87	53	42	4
216	112	64	27	2
217	96	83	24	6
218	91	50	42	7
219	62	57	54	3
220	69	53	52	1
221	97	56	35	2
222	79	51	47	5
223	81	73	32	2
224	80	62	38	3
225	69	58	47	2
226	81	72	32	6
227	99	94	20	6
228	92	47	43	4
229	119	41	38	1
230	99	62	30	3
231	107	44	39	5
232	74	67	37	2
233	94	67	29	2
234	98	93	20	5
235	77	62	38	2
236	113	47	34	2
237	100	53	34	2
238	89	77	26	2
239	74	65	37	1
240	59	58	52	1
241	78	71	32	6
242	82	54	40	5
243	64	53	52	1
244	74	72	33	2
245	82	61	35	3
246	74	62	38	6
247	77	73	31	1
248	70	62	40	3
249	76	67	34	3
250	94	51	36	6
251	90	49	39	5
252	77	54	41	1
253	71	51	47	2
254	63	61	44	3
255	65	65	40	3
256	89	78	24	2
257	88	51	37	3
258	87	53	36	5
259	75	69	32	5
260	88	57	33	4
261	66	50	50	4
262	98	67	25	6
263	100	63	26	3
264	68	56	43	5
265	94	60	29	3
266	87	81	23	4
267	89	55	33	3
268	72	62	36	2
269	120	38	35	3
270	65	50	49	2
271	82	51	38	3
272	79	50	40	3
273	85	44	42	2
274	115	68	20	6
275	60	51	50	2
276	65	49	48	2
277	60	54	47	3
278	102	74	20	5
279	96	74	21	2
280	60	54	46	3
281	68	59	37	4
282	104	62	23	2
283	91	50	32	2
284	84	48	36	2
285	95	49	31	2
286	80	53	34	2
287	102	56	25	4
288	94	43	35	2
289	80	52	34	2
290	86	53	31	5
291	63	59	38	4
292	74	45	42	2
293	90	44	35	3
294	75	48	38	2
295	80	55	31	5
296	90	60	25	2
297	70	53	36	1
298	69	45	43	1
299	100	58	23	6
300	60	49	45	4
301	83	59	27	2
302	115	44	26	2
303	58	49	46	2
304	88	66	22	6
305	76	42	40	3
306	114	43	26	2
307	72	45	39	2
308	76	55	30	2
309	119	39	27	3
310	87	45	32	2
311	71	67	26	2
312	114	54	20	2
313	75	60	27	5
314	93	42	31	3
315	82	49	30	5
316	71	47	36	4
317	86	48	29	4
318	61	53	37	2
319	66	43	42	6
320	82	44	33	5
321	97	55	22	5
322	81	41	35	5
323	67	48	36	3
324	78	39	38	5
325	75	44	35	1
326	77	62	24	2
327	66	66	26	2
328	95	35	33	6
329	66	54	30	4
330	53	52	38	3
331	105	32	31	3
332	91	40	28	2
333	67	39	39	3
334	67	55	27	2
335	73	40	34	3
336	72	41	33	1
337	78	40	31	1
338	104	34	27	5
339	60	44	36	3
340	84	37	30	2
341	50	45	41	1
342	54	53	32	4
343	55	43	38	3
344	57	54	29	3
345	75	39	30	4
346	55	48	33	5
347	91	33	29	5
348	93	36	26	2
349	69	60	21	2
350	48	46	39	4
351	54	53	30	2
352	73	45	26	3
353	52	42	39	4
354	64	53	25	1
355	76	48	23	3
356	97	31	27	5
357	72	34	33	2
358	73	46	24	4
359	98	30	27	6
360	48	41	40	2
361	61	58	22	4
362	84	37	25	4
363	62	52	24	4
364	62	40	31	6
365	63	53	23	3
366	63	38	32	3
367	95	40	20	3
368	48	42	37	4
369	85	30	29	3
370	46	43	37	3
371	67	47	23	4
372	71	36	28	2
373	55	50	26	3
374	77	42	22	2
375	49	38	37	5
376	52	42	31	2
377	43	42	36	1
378	73	33	26	3
379	64	39	25	6
380	55	38	29	3
381	62	36	26	5
382	49	44	26	4
383	53	34	31	2
384	48	35	33	2
385	60	30	30	2
386	74	34	21	4
387	56	32	28	4
388	62	30	26	3
389	56	40	20	3
390	44	37	27	6
391	38	37	31	4
392	47	34	26	5
393	65	30	21	3
394	47	32	26	3
395	39	33	30	3
396	48	31	25	2
397	36	30	30	2
398	40	37	20	1
399	37	30	25	6
