Mack/Bortfeldt(2008)
Bin-Packing-Problem
BP-RG/SBSBPP/SSSCSP
Testcase-ID	4
Problem-ID	104
no_item_types	595
no_items	1263
CONTAINER_DATA (l,w,h)	485	131	118
ITEMS_DATA:
Type	x	y	z	no_items
1	111	99	78	1
2	119	96	71	2
3	110	100	72	1
4	100	97	80	1
5	114	97	69	3
6	113	94	70	2
7	110	86	78	1
8	99	91	79	3
9	98	92	75	3
10	110	84	73	1
11	100	95	70	1
12	98	90	74	2
13	112	96	58	2
14	119	76	68	2
15	114	77	69	1
16	118	74	69	1
17	98	86	68	1
18	100	83	69	1
19	91	79	78	2
20	116	70	69	3
21	94	78	76	4
22	115	78	61	1
23	118	71	64	2
24	89	78	77	3
25	95	76	73	3
26	108	94	51	3
27	114	72	63	2
28	90	80	71	1
29	86	77	77	3
30	94	82	66	2
31	116	79	55	1
32	102	78	63	1
33	119	80	52	4
34	114	71	61	2
35	95	74	70	2
36	109	79	57	3
37	120	77	53	2
38	104	94	50	5
39	95	95	54	1
40	97	89	56	2
41	95	92	55	1
42	105	97	47	2
43	96	79	63	2
44	93	80	64	3
45	120	99	40	3
46	102	70	66	2
47	118	83	48	1
48	91	86	60	1
49	105	97	46	3
50	108	71	61	1
51	105	73	60	2
52	118	67	58	1
53	85	78	69	2
54	80	77	74	4
55	110	70	59	3
56	100	74	61	1
57	96	82	57	3
58	106	76	55	4
59	103	78	55	2
60	103	79	54	3
61	88	73	68	3
62	78	75	74	3
63	87	72	69	4
64	115	68	55	1
65	97	75	59	3
66	95	75	60	2
67	94	77	59	3
68	80	79	67	1
69	103	76	54	1
70	109	78	49	2
71	104	80	50	1
72	93	73	61	2
73	81	75	68	1
74	94	71	61	2
75	85	77	62	1
76	88	85	54	3
77	76	73	72	2
78	94	67	63	3
79	81	79	62	2
80	85	77	60	2
81	84	68	68	1
82	104	63	59	1
83	94	79	52	1
84	97	65	61	3
85	112	88	39	3
86	88	68	64	3
87	80	73	65	2
88	110	59	58	1
89	94	77	52	1
90	96	91	43	2
91	104	80	45	3
92	90	68	60	2
93	103	81	44	2
94	97	64	59	2
95	80	69	66	1
96	75	72	67	1
97	109	72	46	2
98	90	77	52	3
99	78	70	66	1
100	114	79	40	1
101	111	69	47	4
102	82	77	57	3
103	90	84	47	1
104	88	65	62	4
105	120	72	41	2
106	119	76	39	2
107	116	80	38	3
108	110	71	45	3
109	76	74	62	1
110	86	75	54	2
111	74	71	66	2
112	93	84	44	2
113	115	78	38	2
114	78	69	63	1
115	106	68	47	4
116	119	58	49	3
117	93	66	55	2
118	78	72	60	1
119	93	86	42	2
120	87	66	58	2
121	89	76	49	2
122	102	77	42	4
123	76	72	60	1
124	113	66	44	2
125	101	58	56	4
126	94	87	40	4
127	110	74	40	1
128	95	59	58	2
129	76	71	60	1
130	87	65	57	2
131	80	67	60	1
132	80	77	52	2
133	99	77	42	2
134	102	87	36	5
135	99	62	52	5
136	86	70	53	2
137	78	77	53	3
138	95	76	44	3
139	85	73	51	2
140	104	74	41	1
141	94	86	39	1
142	98	73	44	3
143	91	75	46	1
144	109	71	40	3
145	99	89	35	4
146	74	74	56	2
147	75	67	61	3
148	110	75	37	2
149	85	63	57	3
150	109	100	28	3
151	120	55	46	2
152	88	69	50	1
153	96	63	50	3
154	79	72	53	2
155	100	86	35	2
156	88	61	56	1
157	111	79	34	2
158	94	88	36	3
159	78	76	50	2
160	82	68	53	2
161	78	70	54	1
162	96	65	47	2
163	71	71	58	3
164	77	69	55	2
165	88	85	39	3
166	98	63	47	1
167	114	77	33	2
168	118	57	43	1
169	80	62	58	2
170	81	67	53	2
171	95	57	53	1
172	89	57	56	2
173	109	53	49	2
174	117	62	39	1
175	77	64	57	2
176	119	76	31	2
177	80	73	48	2
178	83	75	45	2
179	80	71	49	2
180	87	76	42	1
181	95	62	47	3
182	100	92	30	2
183	68	64	63	2
184	81	69	49	4
185	77	68	52	3
186	90	57	53	1
187	118	62	37	5
188	103	97	27	2
189	73	71	52	2
190	99	85	32	2
191	87	63	49	2
192	81	65	51	1
193	86	80	39	4
194	80	76	44	7
195	99	55	49	3
196	90	74	40	3
197	79	59	57	3
198	109	54	45	1
199	80	75	44	2
200	97	68	40	2
201	116	87	26	3
202	74	61	58	3
203	89	70	42	3
204	79	69	48	1
205	72	66	55	1
206	82	59	54	1
207	75	60	58	1
208	78	68	49	2
209	93	58	48	4
210	108	52	46	2
211	73	65	54	2
212	77	58	57	2
213	108	81	29	1
214	91	75	37	1
215	93	59	46	3
216	93	54	50	3
217	116	98	22	1
218	99	56	45	2
219	104	63	38	1
220	91	65	42	1
221	95	84	31	3
222	85	58	50	3
223	93	54	49	3
224	93	91	29	1
225	114	86	25	3
226	74	66	50	2
227	75	59	55	3
228	115	47	45	1
229	94	76	34	2
230	110	48	46	2
231	84	68	42	5
232	112	89	24	2
233	85	74	38	3
234	75	74	43	1
235	104	79	29	1
236	71	71	47	3
237	81	68	43	2
238	96	82	30	2
239	101	83	28	1
240	92	53	48	3
241	102	74	31	1
242	101	100	23	5
243	80	69	42	1
244	95	93	26	2
245	88	52	50	3
246	98	53	44	4
247	78	61	48	3
248	72	61	52	3
249	82	66	42	1
250	111	62	33	2
251	85	70	38	6
252	114	47	42	2
253	89	56	45	2
254	84	54	49	3
255	71	68	46	1
256	64	63	55	3
257	70	64	49	6
258	114	71	27	3
259	85	64	40	3
260	108	67	30	3
261	77	76	37	2
262	78	63	44	3
263	91	88	27	2
264	70	63	49	2
265	69	60	52	2
266	93	70	33	2
267	98	73	30	2
268	86	69	36	1
269	76	75	37	2
270	102	89	23	2
271	71	70	42	1
272	70	62	48	2
273	92	58	39	1
274	95	73	30	1
275	111	72	26	2
276	71	65	45	1
277	120	48	36	1
278	96	48	45	1
279	117	49	36	2
280	67	58	53	2
281	99	65	32	1
282	105	56	35	2
283	73	67	42	2
284	111	44	42	3
285	103	71	28	2
286	72	66	43	2
287	70	56	52	1
288	102	62	32	1
289	79	69	37	1
290	81	67	37	3
291	96	51	41	2
292	105	53	36	3
293	96	65	32	2
294	77	60	43	2
295	67	63	47	2
296	93	52	41	1
297	62	59	54	2
298	86	74	31	2
299	100	58	34	2
300	68	59	49	1
301	92	61	35	4
302	99	62	32	1
303	94	63	33	1
304	97	53	38	1
305	87	72	31	1
306	92	62	34	4
307	101	66	29	2
308	66	57	51	2
309	66	60	48	4
310	77	56	44	2
311	104	48	38	1
312	94	63	32	2
313	73	72	36	3
314	87	72	30	1
315	67	56	50	2
316	97	58	33	1
317	91	68	30	2
318	96	46	42	5
319	79	51	46	1
320	93	73	27	1
321	63	57	51	4
322	70	58	45	2
323	89	57	36	3
324	90	47	43	1
325	61	55	54	4
326	96	51	37	3
327	71	65	39	2
328	72	58	43	2
329	116	43	36	2
330	75	57	42	3
331	64	62	45	4
332	89	77	26	2
333	74	63	38	1
334	85	52	40	1
335	98	53	34	2
336	93	54	35	3
337	82	51	42	1
338	76	50	46	2
339	91	71	27	1
340	60	57	51	1
341	95	61	30	3
342	97	64	28	1
343	63	54	51	3
344	76	76	30	2
345	78	63	35	6
346	98	50	35	2
347	96	48	37	2
348	73	53	44	4
349	74	56	41	2
350	71	70	34	4
351	96	80	22	2
352	90	67	28	2
353	72	57	41	4
354	91	48	38	1
355	64	54	48	2
356	59	57	49	3
357	111	57	26	4
358	106	62	25	2
359	80	66	31	3
360	73	70	32	1
361	97	73	23	2
362	61	58	46	1
363	78	65	32	2
364	71	65	35	4
365	87	58	32	1
366	75	67	32	3
367	99	81	20	4
368	73	51	43	1
369	57	54	52	3
370	71	49	46	2
371	89	69	26	4
372	99	46	35	2
373	115	42	33	3
374	86	56	33	2
375	71	53	42	1
376	75	49	43	2
377	84	72	26	2
378	93	70	24	2
379	98	48	33	3
380	61	53	48	3
381	74	55	38	2
382	66	65	36	3
383	62	54	46	3
384	80	52	37	1
385	91	60	28	1
386	81	65	29	2
387	103	57	26	3
388	63	59	41	1
389	91	52	32	1
390	90	48	35	1
391	98	57	27	1
392	84	47	38	2
393	73	57	36	2
394	80	48	39	4
395	86	58	30	3
396	110	40	34	1
397	77	51	38	3
398	76	67	29	4
399	72	68	30	3
400	81	45	40	3
401	62	52	45	2
402	109	51	26	1
403	89	76	21	4
404	71	54	37	2
405	97	43	34	1
406	90	45	35	1
407	77	54	34	3
408	76	64	29	3
409	75	47	40	2
410	82	52	33	1
411	70	49	41	1
412	96	52	28	2
413	116	48	25	2
414	84	69	24	2
415	59	56	42	2
416	71	57	34	4
417	104	66	20	5
418	98	56	25	2
419	60	60	38	3
420	81	56	30	1
421	105	38	34	4
422	70	69	28	1
423	99	44	31	4
424	80	67	25	2
425	84	55	29	1
426	111	43	28	2
427	96	58	24	2
428	72	53	35	1
429	78	68	25	2
430	77	44	39	4
431	61	47	46	3
432	107	49	25	1
433	104	45	28	2
434	72	53	34	4
435	90	45	32	3
436	81	47	34	1
437	70	47	39	2
438	58	48	46	1
439	70	65	28	1
440	53	52	46	2
441	79	47	34	4
442	87	63	23	1
443	98	61	21	2
444	115	35	31	3
445	81	70	22	1
446	65	49	39	2
447	97	44	29	2
448	76	44	37	2
449	83	40	37	1
450	56	52	42	1
451	68	58	31	1
452	91	61	22	3
453	63	51	38	2
454	62	53	37	1
455	75	45	36	1
456	62	51	38	1
457	73	41	40	1
458	72	55	30	3
459	83	53	27	2
460	91	59	22	4
461	94	38	33	3
462	86	38	36	1
463	66	54	33	1
464	96	37	33	1
465	75	40	39	1
466	64	63	29	1
467	69	65	26	1
468	63	51	36	1
469	70	47	35	2
470	74	44	35	2
471	61	58	32	2
472	80	54	26	1
473	89	42	30	1
474	56	50	40	3
475	79	47	30	2
476	105	33	32	1
477	77	45	32	4
478	71	52	30	1
479	83	58	23	2
480	79	50	28	2
481	81	44	31	1
482	63	46	38	1
483	82	58	23	2
484	69	44	36	3
485	73	39	38	2
486	102	48	22	2
487	73	42	35	2
488	51	50	42	2
489	85	57	22	1
490	76	45	31	1
491	58	48	38	3
492	103	46	22	2
493	64	54	30	2
494	90	36	32	1
495	83	48	26	4
496	95	33	33	1
497	100	33	31	1
498	65	54	29	3
499	80	63	20	5
500	63	41	39	4
501	53	44	43	2
502	58	42	41	1
503	67	49	30	1
504	71	69	20	1
505	70	50	27	1
506	73	39	33	2
507	62	56	27	3
508	94	32	31	2
509	64	44	33	3
510	64	38	38	2
511	59	40	39	2
512	74	46	27	4
513	66	58	24	2
514	62	46	32	2
515	54	42	40	2
516	49	45	41	1
517	70	43	30	2
518	55	48	34	1
519	77	35	33	2
520	56	48	33	2
521	60	43	34	2
522	55	44	36	3
523	77	45	25	3
524	70	41	30	2
525	61	44	32	2
526	52	51	31	2
527	51	46	35	2
528	61	43	31	1
529	46	43	40	1
530	67	59	20	3
531	84	36	26	1
532	62	44	28	2
533	72	34	31	4
534	81	39	24	1
535	45	41	41	1
536	57	39	34	1
537	55	49	28	1
538	69	40	27	2
539	70	44	24	1
540	72	38	27	3
541	73	36	28	2
542	85	41	21	3
543	75	39	25	2
544	84	31	28	4
545	49	45	33	2
546	50	44	33	5
547	54	42	32	2
548	85	40	21	2
549	82	33	26	1
550	56	38	33	1
551	44	43	37	1
552	54	54	24	1
553	57	35	35	1
554	56	55	22	5
555	43	40	39	2
556	57	39	30	3
557	53	37	34	1
558	92	36	20	2
559	53	35	35	2
560	63	34	30	3
561	68	35	27	3
562	91	28	25	1
563	48	37	35	1
564	60	32	32	1
565	60	34	30	1
566	50	42	29	1
567	63	37	26	3
568	55	44	25	1
569	55	42	25	2
570	51	39	29	1
571	58	38	26	3
572	57	37	27	1
573	42	38	35	2
574	60	32	29	4
575	56	33	30	5
576	46	41	29	1
577	63	32	27	1
578	57	38	25	3
579	47	41	28	1
580	45	38	30	1
581	47	45	23	1
582	54	35	25	2
583	48	35	28	3
584	58	30	26	2
585	43	40	26	3
586	64	29	23	2
587	56	33	23	3
588	59	31	23	1
589	41	39	26	3
590	38	35	31	2
591	46	33	27	1
592	61	26	25	2
593	38	31	30	1
594	40	36	21	1
595	34	30	20	3
