Mack/Bortfeldt(2008)
Bin-Packing-Problem
BP-RG/SBSBPP/SSSCSP
Testcase-ID	4
Problem-ID	125
no_item_types	797
no_items	1272
CONTAINER_DATA (l,w,h)	485	131	118
ITEMS_DATA:
Type	x	y	z	no_items
1	115	90	78	1
2	114	97	66	2
3	98	96	76	2
4	110	97	67	1
5	111	99	64	3
6	118	85	69	4
7	116	79	73	2
8	111	89	66	1
9	114	95	60	1
10	114	79	72	1
11	120	80	64	2
12	96	82	78	2
13	109	76	73	2
14	101	93	64	1
15	93	86	75	1
16	103	84	69	2
17	106	77	73	1
18	109	80	68	2
19	98	90	67	1
20	93	83	76	1
21	110	75	71	2
22	114	80	64	1
23	105	77	72	1
24	113	79	65	1
25	94	79	78	1
26	89	82	78	2
27	106	88	60	1
28	92	80	76	2
29	114	83	59	2
30	105	80	66	1
31	114	99	49	1
32	107	84	61	1
33	112	73	67	2
34	95	87	66	1
35	109	95	52	1
36	93	86	67	3
37	89	87	69	2
38	88	82	74	1
39	117	72	63	1
40	85	79	79	3
41	102	73	71	2
42	94	78	72	1
43	108	74	66	3
44	99	87	61	1
45	102	100	49	1
46	96	73	71	1
47	85	77	76	2
48	119	67	62	2
49	85	77	75	2
50	109	76	59	2
51	92	84	63	3
52	115	68	62	2
53	96	87	58	2
54	87	76	73	2
55	97	74	67	2
56	104	70	66	1
57	110	83	52	1
58	94	87	58	1
59	111	80	53	3
60	114	75	55	3
61	98	76	63	1
62	88	74	72	2
63	112	72	58	3
64	82	80	71	2
65	90	77	67	1
66	107	66	65	2
67	86	73	73	1
68	117	65	60	1
69	95	75	64	2
70	108	78	54	1
71	85	76	70	1
72	99	68	67	1
73	113	83	48	1
74	89	79	64	3
75	92	74	66	1
76	108	66	63	2
77	78	76	75	1
78	81	78	70	3
79	95	69	67	1
80	85	83	62	2
81	87	75	67	1
82	92	76	62	1
83	112	84	46	2
84	80	76	71	2
85	97	87	51	3
86	105	74	55	1
87	98	67	65	1
88	98	69	63	1
89	86	81	61	1
90	100	74	57	1
91	111	62	61	1
92	89	70	67	3
93	119	66	53	2
94	115	67	54	1
95	112	79	47	1
96	82	72	70	2
97	119	68	51	3
98	99	85	49	1
99	85	77	63	1
100	80	78	66	1
101	90	77	59	2
102	88	80	58	3
103	99	98	42	2
104	110	88	42	2
105	98	75	55	3
106	79	75	68	2
107	114	88	40	2
108	85	80	59	3
109	100	89	45	2
110	94	71	60	2
111	95	81	52	1
112	99	65	62	1
113	85	69	68	2
114	97	72	57	1
115	98	70	58	1
116	114	71	49	2
117	97	67	61	2
118	97	95	43	1
119	82	71	68	2
120	99	74	54	1
121	118	93	36	1
122	112	75	47	1
123	96	91	45	1
124	99	81	49	2
125	118	95	35	2
126	82	77	62	3
127	94	77	54	2
128	89	71	61	1
129	104	86	43	2
130	84	75	61	1
131	77	76	65	4
132	106	73	49	2
133	89	85	50	1
134	119	61	52	1
135	86	73	60	1
136	78	71	68	3
137	79	78	61	4
138	79	72	66	1
139	105	74	48	2
140	116	68	47	1
141	100	67	55	3
142	95	68	57	1
143	98	67	56	1
144	98	89	42	1
145	100	73	50	1
146	117	82	38	1
147	99	68	54	2
148	113	63	51	2
149	80	72	63	1
150	74	73	67	1
151	96	65	58	3
152	76	72	66	2
153	114	79	40	6
154	98	63	58	2
155	90	84	47	1
156	78	72	63	1
157	95	79	47	1
158	83	80	53	2
159	101	71	49	1
160	86	78	52	1
161	95	94	39	2
162	98	96	37	2
163	98	61	58	1
164	88	70	56	2
165	92	78	48	1
166	100	84	41	2
167	92	68	55	2
168	104	58	57	2
169	95	77	47	1
170	83	69	60	3
171	108	66	48	1
172	87	74	53	1
173	98	60	58	1
174	120	81	35	2
175	77	72	61	3
176	99	71	48	1
177	114	58	51	1
178	109	63	49	2
179	97	73	47	1
180	115	70	41	1
181	102	77	42	1
182	115	61	47	1
183	98	60	56	3
184	90	83	44	3
185	105	68	46	3
186	106	75	41	1
187	111	68	43	1
188	79	76	54	1
189	80	79	51	3
190	90	83	43	1
191	90	74	48	1
192	88	86	42	1
193	110	78	37	3
194	93	74	46	1
195	92	86	40	1
196	104	79	38	3
197	112	60	46	2
198	85	79	46	1
199	87	71	50	2
200	94	63	52	2
201	92	71	47	1
202	108	71	40	1
203	80	75	51	1
204	93	80	41	3
205	84	66	55	1
206	92	77	43	2
207	104	73	40	1
208	97	97	32	1
209	105	54	53	1
210	98	73	42	1
211	92	59	55	2
212	99	67	45	2
213	85	66	53	1
214	91	64	51	1
215	94	77	41	1
216	68	67	65	1
217	79	78	48	5
218	82	68	53	2
219	108	57	48	1
220	96	64	48	1
221	85	68	51	1
222	76	76	51	2
223	84	66	53	2
224	88	71	47	1
225	115	85	30	1
226	79	66	56	1
227	107	62	44	1
228	119	72	34	2
229	71	65	63	1
230	97	88	34	1
231	115	56	45	2
232	120	67	36	2
233	87	72	46	1
234	97	66	45	2
235	117	57	43	1
236	110	59	44	2
237	106	69	39	1
238	117	84	29	1
239	79	61	59	2
240	91	82	38	1
241	100	64	44	2
242	76	74	50	1
243	88	71	45	1
244	92	65	47	1
245	84	76	44	2
246	92	61	50	1
247	92	62	49	3
248	92	66	46	1
249	89	87	36	2
250	72	70	55	3
251	82	70	48	1
252	77	70	51	1
253	68	64	63	2
254	107	61	42	4
255	73	68	55	2
256	96	66	43	1
257	80	68	50	3
258	75	74	49	1
259	106	69	37	2
260	100	66	41	2
261	91	69	43	2
262	100	61	44	1
263	82	76	43	3
264	118	54	42	2
265	120	82	27	1
266	98	71	38	1
267	87	67	45	2
268	103	53	48	1
269	100	77	34	2
270	107	58	42	1
271	111	57	41	2
272	95	91	30	1
273	96	73	37	1
274	77	66	51	1
275	94	54	51	2
276	112	64	36	3
277	79	64	51	1
278	97	83	32	3
279	73	72	49	2
280	92	58	48	1
281	111	100	23	1
282	97	58	45	3
283	82	63	49	1
284	79	59	54	2
285	86	54	54	1
286	117	76	28	1
287	113	55	40	2
288	87	62	46	2
289	83	76	39	4
290	77	76	42	1
291	102	83	29	3
292	93	75	35	1
293	99	77	32	1
294	75	65	50	2
295	86	59	48	1
296	79	77	40	1
297	95	71	36	2
298	107	61	37	1
299	106	99	23	1
300	76	72	44	1
301	92	90	29	1
302	82	75	39	2
303	117	89	23	3
304	96	73	34	1
305	77	63	49	2
306	71	63	53	2
307	98	59	41	2
308	87	68	40	2
309	87	80	34	1
310	91	65	40	3
311	86	55	50	1
312	66	65	55	1
313	75	57	55	2
314	92	52	49	3
315	89	56	47	1
316	76	58	53	1
317	90	54	48	1
318	104	70	32	1
319	94	75	33	2
320	90	76	34	1
321	106	91	24	1
322	78	57	52	2
323	96	56	43	1
324	69	67	50	1
325	71	65	50	2
326	120	62	31	1
327	115	69	29	1
328	102	98	23	1
329	114	65	31	3
330	90	85	30	1
331	79	63	46	2
332	84	80	34	2
333	97	56	42	4
334	88	72	36	1
335	78	68	43	1
336	77	67	44	1
337	95	68	35	1
338	89	65	39	1
339	98	85	27	2
340	86	79	33	1
341	72	62	50	1
342	74	58	52	1
343	78	55	52	1
344	81	64	43	2
345	63	63	56	2
346	76	54	54	2
347	116	53	36	1
348	91	54	45	1
349	78	59	48	1
350	89	75	33	1
351	83	64	41	1
352	119	65	28	1
353	100	72	30	2
354	98	50	44	1
355	114	67	28	1
356	105	78	26	1
357	112	95	20	2
358	100	56	38	1
359	99	61	35	1
360	93	71	32	1
361	100	57	37	1
362	93	87	26	2
363	95	58	38	1
364	83	68	37	1
365	90	61	38	2
366	89	65	36	1
367	83	57	44	2
368	80	51	51	3
369	83	64	39	1
370	88	51	46	1
371	117	55	32	2
372	98	75	28	2
373	73	67	42	1
374	106	88	22	1
375	68	67	45	1
376	96	59	36	1
377	98	52	40	1
378	82	55	45	1
379	89	76	30	1
380	92	76	29	2
381	85	72	33	1
382	90	59	38	2
383	86	71	33	2
384	91	79	28	1
385	80	61	41	1
386	99	56	36	2
387	100	71	28	1
388	112	59	30	1
389	99	77	26	2
390	87	54	42	1
391	95	61	34	1
392	63	59	53	3
393	99	66	30	1
394	64	61	50	1
395	107	65	28	3
396	87	52	43	1
397	93	55	38	2
398	67	58	50	3
399	84	70	33	1
400	76	75	34	1
401	71	58	47	1
402	80	73	33	1
403	95	45	45	1
404	76	63	40	2
405	67	57	50	2
406	114	67	25	2
407	117	74	22	1
408	100	56	34	2
409	96	90	22	2
410	80	72	33	1
411	87	52	42	1
412	94	59	34	2
413	116	58	28	1
414	78	63	38	1
415	90	69	30	1
416	85	78	28	1
417	84	55	40	1
418	86	69	31	1
419	108	85	20	1
420	71	61	42	1
421	92	79	25	3
422	81	56	40	2
423	77	76	31	2
424	116	78	20	1
425	68	63	42	1
426	110	71	23	2
427	86	58	36	1
428	93	47	41	1
429	77	61	38	1
430	91	53	37	1
431	120	45	33	2
432	86	74	28	4
433	94	45	42	3
434	72	56	44	2
435	79	51	44	1
436	92	60	32	1
437	97	79	23	2
438	65	63	43	2
439	83	47	45	1
440	63	58	48	1
441	87	65	31	1
442	66	63	42	1
443	66	55	48	1
444	112	50	31	2
445	83	51	41	1
446	116	44	34	1
447	81	63	34	2
448	69	57	44	2
449	82	78	27	1
450	77	70	32	2
451	70	56	44	1
452	69	64	39	3
453	105	41	40	3
454	110	46	34	1
455	85	53	38	2
456	99	64	27	2
457	117	43	34	2
458	76	66	34	2
459	91	78	24	2
460	89	58	33	2
461	90	61	31	1
462	113	50	30	1
463	103	47	35	1
464	83	60	34	2
465	68	62	40	1
466	94	78	23	1
467	110	45	34	1
468	106	66	24	1
469	102	41	40	2
470	87	48	40	2
471	65	57	45	2
472	71	51	46	1
473	91	61	30	1
474	118	38	37	1
475	68	53	46	2
476	84	58	34	2
477	82	48	42	1
478	77	65	33	1
479	99	79	21	2
480	95	44	39	1
481	97	43	39	3
482	86	61	31	1
483	77	54	39	1
484	107	56	27	1
485	76	56	38	2
486	67	65	37	1
487	73	58	38	3
488	71	66	34	2
489	65	57	43	1
490	102	40	39	2
491	76	51	41	1
492	73	70	31	1
493	75	57	37	2
494	78	47	43	1
495	80	48	41	2
496	62	55	46	1
497	67	52	45	2
498	75	58	36	1
499	120	45	29	2
500	76	50	41	1
501	115	67	20	2
502	111	66	21	3
503	75	64	32	1
504	63	53	46	4
505	93	63	26	1
506	79	60	32	1
507	66	52	44	2
508	83	49	37	2
509	64	50	47	1
510	80	52	36	1
511	68	55	40	2
512	89	60	28	2
513	79	54	35	3
514	69	60	36	2
515	60	59	42	1
516	86	54	32	1
517	95	78	20	2
518	79	72	26	1
519	101	43	34	2
520	86	59	29	1
521	87	43	39	1
522	66	65	34	1
523	81	64	28	2
524	100	63	23	1
525	73	62	32	1
526	84	42	41	1
527	73	60	33	1
528	75	48	40	2
529	76	45	42	1
530	66	60	36	3
531	60	54	44	2
532	99	45	32	1
533	79	44	41	2
534	86	59	28	1
535	63	59	38	1
536	120	42	28	4
537	98	45	32	3
538	84	62	27	2
539	71	58	34	1
540	97	48	30	2
541	63	54	41	2
542	94	57	26	1
543	99	38	37	1
544	59	49	48	1
545	60	59	39	1
546	83	83	20	1
547	93	74	20	2
548	85	70	23	1
549	67	51	40	2
550	116	38	31	2
551	83	47	35	1
552	84	54	30	2
553	68	50	40	1
554	83	42	39	2
555	73	49	38	1
556	107	42	30	1
557	61	49	45	2
558	119	40	28	1
559	58	56	41	1
560	68	65	30	2
561	111	54	22	1
562	87	48	31	1
563	88	42	35	1
564	66	56	35	2
565	92	38	37	3
566	55	50	47	1
567	75	42	41	1
568	83	62	25	1
569	68	61	31	1
570	79	77	21	1
571	82	43	36	1
572	57	53	42	2
573	80	48	33	3
574	77	47	35	1
575	67	47	40	2
576	66	56	34	3
577	90	45	31	2
578	73	59	29	1
579	63	60	33	1
580	94	53	25	1
581	74	48	35	2
582	78	53	30	1
583	64	46	42	1
584	63	56	35	1
585	62	51	39	1
586	58	46	46	1
587	58	49	43	2
588	87	39	36	1
589	118	45	23	1
590	55	54	41	1
591	71	49	35	1
592	69	44	40	2
593	110	48	23	2
594	67	58	31	3
595	81	39	38	2
596	85	54	26	2
597	99	60	20	2
598	120	43	23	1
599	64	50	37	2
600	74	41	39	1
601	58	47	43	4
602	63	56	33	1
603	100	43	27	1
604	112	37	28	2
605	64	43	42	2
606	107	45	24	3
607	69	54	31	1
608	111	52	20	1
609	57	53	38	2
610	71	46	35	2
611	61	48	39	2
612	65	54	32	2
613	70	53	30	2
614	55	53	38	2
615	69	42	38	2
616	81	59	23	1
617	73	47	32	2
618	76	38	38	1
619	105	36	29	1
620	68	62	26	3
621	98	43	26	3
622	73	50	30	3
623	87	50	25	2
624	58	55	34	4
625	70	43	36	1
626	71	69	22	1
627	80	42	32	1
628	63	55	31	2
629	71	63	24	3
630	90	37	32	1
631	56	45	42	2
632	114	32	29	2
633	66	64	25	1
634	97	43	25	1
635	108	37	26	1
636	92	56	20	3
637	71	58	25	1
638	79	42	31	2
639	54	44	43	1
640	119	33	26	2
641	91	40	28	2
642	61	49	34	1
643	47	47	46	1
644	93	39	28	1
645	58	50	35	1
646	119	34	25	1
647	64	45	35	1
648	54	43	43	1
649	71	38	37	1
650	63	44	36	1
651	86	40	29	3
652	75	39	34	1
653	105	43	22	1
654	67	41	36	2
655	70	50	28	1
656	66	39	38	3
657	70	58	24	1
658	48	47	43	2
659	109	37	24	1
660	65	51	29	1
661	96	40	25	1
662	70	38	36	2
663	68	50	28	1
664	53	46	39	3
665	69	43	32	1
666	113	30	28	2
667	77	41	30	2
668	98	31	31	1
669	80	47	25	1
670	60	58	27	3
671	88	41	26	2
672	77	45	27	2
673	78	57	21	1
674	71	65	20	1
675	62	55	27	3
676	65	52	27	2
677	76	46	26	1
678	66	39	35	2
679	60	60	25	1
680	72	46	27	1
681	71	39	32	2
682	70	45	28	1
683	91	33	29	2
684	116	34	22	2
685	100	33	26	1
686	120	31	23	1
687	46	44	42	2
688	66	40	32	2
689	85	33	30	1
690	49	44	39	1
691	76	48	23	1
692	81	47	22	2
693	79	35	30	2
694	77	43	25	2
695	60	38	36	3
696	92	44	20	1
697	84	38	25	2
698	55	41	35	1
699	73	36	30	3
700	61	46	28	2
701	47	45	37	1
702	53	42	35	3
703	54	40	36	2
704	45	43	40	1
705	60	40	32	3
706	61	48	26	1
707	67	54	21	2
708	94	31	26	2
709	88	34	25	2
710	99	29	26	2
711	72	37	28	1
712	63	42	28	3
713	88	42	20	2
714	57	37	35	1
715	71	41	25	1
716	72	48	21	1
717	52	49	28	2
718	55	37	35	1
719	52	37	37	2
720	65	36	30	2
721	100	28	25	3
722	46	40	38	1
723	51	39	35	1
724	98	35	20	2
725	53	40	32	1
726	104	27	24	3
727	70	32	30	4
728	52	38	34	2
729	63	41	26	1
730	45	40	37	1
731	54	37	33	1
732	66	37	27	1
733	54	42	29	2
734	75	35	25	2
735	86	38	20	1
736	45	39	37	2
737	59	50	22	2
738	49	41	32	2
739	60	41	26	2
740	56	42	27	1
741	62	32	32	2
742	75	38	22	1
743	58	43	25	1
744	69	36	25	2
745	97	30	21	1
746	46	40	33	1
747	63	32	30	1
748	66	35	26	3
749	52	50	23	5
750	79	36	21	2
751	66	43	21	1
752	66	36	25	1
753	88	28	24	1
754	59	33	30	1
755	46	37	34	1
756	85	34	20	1
757	71	37	22	1
758	52	44	25	1
759	57	34	29	2
760	54	40	26	1
761	93	30	20	1
762	58	37	26	1
763	52	37	29	2
764	42	39	34	1
765	56	41	24	2
766	51	43	25	1
767	59	33	28	1
768	47	37	31	1
769	54	32	31	2
770	48	37	30	2
771	40	37	36	1
772	51	49	21	3
773	65	36	22	1
774	58	34	25	1
775	42	36	32	1
776	45	40	26	2
777	54	32	27	1
778	57	34	23	2
779	69	32	20	2
780	59	34	22	1
781	43	33	31	2
782	44	37	27	1
783	70	25	25	1
784	45	44	22	1
785	45	37	26	2
786	53	31	26	1
787	40	38	28	1
788	45	33	28	1
789	40	34	30	1
790	65	28	20	2
791	54	28	23	1
792	38	31	29	1
793	45	30	25	3
794	32	31	31	3
795	51	25	22	1
796	34	30	25	1
797	32	29	25	2
