Mack/Bortfeldt(2008)
Bin-Packing-Problem
BP-RG/SBSBPP/SSSCSP
Testcase-ID	4
Problem-ID	114
no_item_types	696
no_items	1288
CONTAINER_DATA (l,w,h)	485	131	118
ITEMS_DATA:
Type	x	y	z	no_items
1	111	99	78	2
2	119	96	71	1
3	110	100	72	1
4	100	97	80	2
5	114	97	69	2
6	113	94	70	1
7	110	86	78	2
8	99	91	79	2
9	108	92	71	1
10	106	87	76	2
11	98	92	75	3
12	110	84	73	2
13	100	95	70	3
14	98	90	74	1
15	112	96	58	2
16	119	76	68	2
17	114	77	69	3
18	118	74	69	1
19	98	97	63	2
20	118	74	68	1
21	98	86	68	2
22	100	83	69	1
23	91	79	78	2
24	116	70	69	3
25	94	78	76	1
26	111	94	53	1
27	115	78	61	1
28	118	71	64	1
29	89	78	77	4
30	107	71	70	2
31	95	76	73	3
32	108	94	51	3
33	114	72	63	2
34	95	75	72	1
35	90	80	71	2
36	86	77	77	1
37	94	82	66	1
38	116	79	55	2
39	102	78	63	3
40	119	80	52	1
41	114	71	61	2
42	95	74	70	1
43	109	79	57	1
44	120	77	53	3
45	104	94	50	2
46	91	88	61	1
47	95	95	54	1
48	97	89	56	1
49	95	92	55	2
50	105	97	47	3
51	96	79	63	2
52	93	80	64	3
53	120	99	40	1
54	102	70	66	2
55	118	83	48	1
56	91	86	60	4
57	105	97	46	2
58	108	71	61	1
59	109	66	65	3
60	105	73	60	1
61	118	67	58	1
62	85	78	69	3
63	80	77	74	1
64	115	67	59	1
65	110	70	59	3
66	100	74	61	1
67	96	82	57	1
68	106	76	55	3
69	113	89	44	4
70	100	68	65	2
71	103	78	55	2
72	103	79	54	1
73	88	73	68	3
74	78	75	74	1
75	112	99	39	1
76	87	72	69	3
77	115	68	55	2
78	97	75	59	1
79	95	75	60	2
80	94	77	59	3
81	80	79	67	2
82	103	76	54	1
83	109	78	49	2
84	104	80	50	2
85	93	73	61	1
86	81	75	68	1
87	94	71	61	2
88	85	77	62	1
89	88	85	54	3
90	76	73	72	1
91	94	67	63	1
92	81	79	62	2
93	93	82	52	1
94	85	77	60	1
95	84	68	68	1
96	104	63	59	2
97	94	79	52	1
98	97	65	61	1
99	112	88	39	2
100	88	68	64	1
101	76	74	68	1
102	80	73	65	1
103	110	59	58	1
104	94	77	52	5
105	89	67	63	2
106	96	91	43	1
107	104	80	45	2
108	94	63	63	2
109	93	89	45	1
110	90	68	60	2
111	103	81	44	2
112	95	69	56	3
113	97	64	59	2
114	80	69	66	1
115	75	72	67	1
116	109	72	46	3
117	90	77	52	4
118	78	70	66	2
119	114	79	40	1
120	111	69	47	4
121	82	77	57	1
122	82	75	58	2
123	90	84	47	1
124	88	65	62	2
125	120	72	41	2
126	119	76	39	3
127	116	80	38	1
128	110	71	45	1
129	119	64	46	2
130	76	74	62	1
131	86	75	54	1
132	88	67	59	2
133	74	71	66	2
134	93	84	44	1
135	115	78	38	3
136	78	69	63	3
137	106	68	47	1
138	119	58	49	2
139	93	66	55	2
140	78	72	60	3
141	93	86	42	1
142	81	69	60	2
143	83	79	51	1
144	87	66	58	2
145	89	76	49	2
146	102	77	42	1
147	76	72	60	2
148	113	66	44	3
149	101	58	56	3
150	94	87	40	2
151	110	74	40	5
152	95	59	58	3
153	76	71	60	2
154	87	65	57	1
155	80	67	60	1
156	80	77	52	1
157	99	77	42	1
158	102	87	36	2
159	99	62	52	4
160	86	70	53	2
161	78	77	53	1
162	112	66	43	1
163	95	76	44	2
164	85	73	51	3
165	104	74	41	1
166	94	86	39	2
167	98	73	44	1
168	91	75	46	3
169	82	67	57	1
170	109	71	40	2
171	99	89	35	1
172	74	74	56	1
173	75	67	61	3
174	119	78	33	1
175	110	75	37	1
176	85	63	57	1
177	109	100	28	3
178	88	69	50	3
179	120	55	46	3
180	88	69	50	2
181	96	63	50	2
182	79	72	53	2
183	100	86	35	5
184	88	61	56	3
185	100	71	42	2
186	111	79	34	2
187	94	88	36	3
188	120	67	37	1
189	78	76	50	3
190	82	68	53	1
191	75	69	57	3
192	78	70	54	1
193	96	65	47	2
194	71	71	58	1
195	77	69	55	2
196	88	85	39	2
197	98	63	47	1
198	114	77	33	2
199	118	57	43	3
200	80	62	58	2
201	81	67	53	1
202	95	57	53	2
203	89	57	56	1
204	109	53	49	2
205	117	62	39	1
206	77	64	57	1
207	119	76	31	1
208	80	73	48	3
209	83	75	45	1
210	80	71	49	1
211	87	76	42	1
212	95	62	47	2
213	100	92	30	2
214	68	64	63	1
215	81	69	49	1
216	77	68	52	3
217	90	57	53	2
218	118	62	37	1
219	103	97	27	1
220	73	71	52	3
221	99	85	32	1
222	87	63	49	2
223	81	65	51	1
224	86	80	39	1
225	86	60	52	1
226	80	76	44	2
227	99	55	49	1
228	90	74	40	2
229	79	59	57	2
230	109	54	45	3
231	80	75	44	1
232	97	68	40	1
233	116	87	26	1
234	74	61	58	2
235	89	70	42	2
236	79	69	48	1
237	72	66	55	1
238	82	59	54	3
239	75	60	58	1
240	78	68	49	3
241	93	58	48	2
242	108	52	46	2
243	119	48	45	2
244	73	65	54	2
245	77	58	57	2
246	108	81	29	3
247	91	75	37	2
248	93	59	46	1
249	93	54	50	1
250	92	58	47	1
251	116	98	22	1
252	99	56	45	1
253	104	63	38	1
254	119	55	38	3
255	91	65	42	1
256	95	84	31	2
257	85	58	50	2
258	93	54	49	2
259	93	91	29	3
260	114	86	25	1
261	74	66	50	3
262	75	59	55	1
263	115	47	45	2
264	94	76	34	4
265	110	48	46	2
266	106	76	30	3
267	84	68	42	3
268	112	89	24	2
269	85	74	38	2
270	75	74	43	3
271	104	79	29	2
272	71	71	47	1
273	81	68	43	1
274	96	82	30	2
275	101	83	28	1
276	92	53	48	2
277	102	74	31	2
278	113	47	44	1
279	81	70	41	1
280	101	100	23	1
281	80	69	42	3
282	89	55	47	1
283	76	72	42	1
284	95	93	26	1
285	88	87	30	2
286	88	52	50	2
287	98	53	44	1
288	78	61	48	1
289	72	61	52	1
290	82	66	42	1
291	111	62	33	2
292	85	70	38	1
293	114	47	42	1
294	89	56	45	3
295	84	54	49	1
296	71	68	46	1
297	64	63	55	2
298	70	64	49	1
299	114	71	27	3
300	85	64	40	1
301	108	67	30	2
302	77	76	37	2
303	78	63	44	3
304	91	88	27	2
305	70	63	49	1
306	69	60	52	4
307	93	70	33	2
308	98	73	30	2
309	86	69	36	2
310	76	75	37	3
311	102	89	23	2
312	71	70	42	1
313	70	62	48	2
314	92	58	39	3
315	95	73	30	2
316	111	72	26	3
317	71	65	45	4
318	120	48	36	2
319	96	48	45	1
320	117	49	36	2
321	67	58	53	2
322	99	65	32	1
323	105	56	35	1
324	73	67	42	3
325	111	44	42	3
326	103	71	28	2
327	72	66	43	1
328	70	56	52	4
329	73	68	41	1
330	102	62	32	2
331	99	51	40	5
332	79	69	37	2
333	81	67	37	1
334	96	51	41	2
335	105	53	36	1
336	96	65	32	2
337	77	60	43	2
338	67	63	47	2
339	93	52	41	1
340	62	59	54	3
341	86	74	31	3
342	100	58	34	1
343	68	59	49	2
344	92	61	35	2
345	99	62	32	2
346	94	63	33	2
347	97	53	38	2
348	87	72	31	1
349	92	62	34	1
350	101	66	29	2
351	66	57	51	4
352	72	53	50	1
353	80	68	35	3
354	66	60	48	1
355	77	56	44	1
356	104	48	38	1
357	94	63	32	2
358	73	72	36	2
359	95	64	31	3
360	87	72	30	5
361	94	54	37	1
362	67	56	50	1
363	68	53	52	4
364	101	50	37	2
365	97	58	33	1
366	91	68	30	1
367	96	46	42	1
368	79	51	46	3
369	63	56	52	4
370	93	73	27	1
371	63	57	51	1
372	70	58	45	2
373	89	57	36	1
374	90	47	43	2
375	61	55	54	2
376	96	51	37	4
377	71	65	39	2
378	72	58	43	2
379	116	43	36	2
380	75	57	42	1
381	64	62	45	1
382	88	81	25	2
383	89	77	26	2
384	73	53	46	6
385	74	63	38	3
386	85	52	40	1
387	98	53	34	1
388	93	54	35	2
389	82	51	42	3
390	76	50	46	4
391	91	71	27	4
392	60	57	51	1
393	95	61	30	3
394	97	64	28	1
395	63	54	51	2
396	76	76	30	2
397	78	63	35	3
398	98	50	35	3
399	96	48	37	3
400	73	53	44	1
401	74	56	41	2
402	71	70	34	2
403	96	80	22	1
404	90	67	28	1
405	72	57	41	3
406	91	48	38	1
407	64	54	48	1
408	59	57	49	1
409	111	57	26	1
410	106	62	25	3
411	80	66	31	1
412	73	70	32	2
413	67	53	46	3
414	97	73	23	2
415	61	58	46	2
416	78	65	32	2
417	71	65	35	2
418	87	58	32	2
419	75	67	32	1
420	99	81	20	1
421	71	55	41	1
422	73	51	43	1
423	57	54	52	2
424	71	49	46	2
425	89	69	26	2
426	99	46	35	3
427	115	42	33	2
428	86	56	33	1
429	71	53	42	1
430	75	49	43	1
431	84	72	26	2
432	97	54	30	2
433	67	60	39	3
434	93	70	24	1
435	98	48	33	1
436	61	53	48	2
437	74	55	38	1
438	66	65	36	1
439	62	54	46	2
440	80	52	37	2
441	63	58	42	1
442	91	60	28	2
443	81	65	29	1
444	103	57	26	2
445	63	59	41	1
446	91	52	32	4
447	90	48	35	4
448	98	57	27	1
449	84	47	38	2
450	73	57	36	1
451	80	48	39	2
452	86	58	30	2
453	110	40	34	2
454	77	51	38	1
455	76	67	29	2
456	97	49	31	1
457	72	68	30	2
458	81	45	40	1
459	81	72	25	1
460	62	52	45	3
461	109	51	26	2
462	89	76	21	2
463	102	48	29	1
464	71	54	37	3
465	97	43	34	1
466	90	45	35	3
467	111	49	26	2
468	77	54	34	3
469	76	64	29	3
470	75	47	40	1
471	82	52	33	1
472	70	49	41	2
473	96	52	28	2
474	88	48	33	2
475	116	48	25	2
476	84	69	24	1
477	59	56	42	2
478	71	57	34	2
479	104	66	20	2
480	98	56	25	1
481	60	60	38	2
482	98	41	34	1
483	81	56	30	4
484	105	38	34	2
485	70	69	28	1
486	99	44	31	1
487	81	64	26	2
488	80	67	25	1
489	84	55	29	1
490	111	43	28	1
491	96	58	24	3
492	72	53	35	2
493	78	68	25	1
494	77	44	39	4
495	61	47	46	2
496	107	49	25	3
497	104	45	28	2
498	79	57	29	2
499	63	56	37	2
500	58	50	45	2
501	72	53	34	1
502	90	45	32	2
503	81	47	34	4
504	70	47	39	1
505	85	58	26	1
506	58	48	46	1
507	99	43	30	2
508	70	65	28	3
509	53	52	46	3
510	79	47	34	2
511	87	63	23	2
512	98	61	21	3
513	115	35	31	1
514	81	70	22	3
515	89	40	35	3
516	65	49	39	2
517	97	44	29	1
518	76	44	37	3
519	65	44	43	2
520	83	40	37	3
521	56	52	42	4
522	68	58	31	1
523	91	61	22	2
524	63	51	38	1
525	62	53	37	4
526	75	45	36	2
527	62	51	38	1
528	73	41	40	1
529	72	55	30	2
530	83	53	27	3
531	91	59	22	1
532	94	38	33	2
533	86	38	36	1
534	66	54	33	2
535	96	37	33	1
536	75	40	39	2
537	64	63	29	1
538	69	65	26	2
539	63	51	36	1
540	70	47	35	1
541	78	61	24	1
542	74	44	35	2
543	61	58	32	1
544	96	38	31	1
545	80	64	22	4
546	80	54	26	2
547	89	42	30	3
548	56	50	40	1
549	79	47	30	1
550	77	45	32	1
551	105	33	32	3
552	71	52	30	2
553	83	58	23	1
554	79	50	28	2
555	81	44	31	1
556	63	46	38	1
557	82	58	23	1
558	69	44	36	1
559	75	44	33	2
560	73	39	38	3
561	102	48	22	3
562	73	42	35	1
563	51	50	42	3
564	85	57	22	2
565	76	45	31	2
566	58	48	38	1
567	92	44	26	1
568	103	46	22	1
569	64	54	30	1
570	90	36	32	2
571	83	48	26	1
572	95	33	33	2
573	87	44	27	3
574	100	33	31	2
575	65	54	29	2
576	93	34	32	1
577	80	63	20	1
578	63	41	39	2
579	53	44	43	1
580	58	42	41	1
581	67	49	30	2
582	71	69	20	3
583	70	50	27	2
584	73	39	33	2
585	62	56	27	1
586	70	46	29	3
587	94	32	31	5
588	64	44	33	1
589	52	51	35	2
590	64	38	38	2
591	59	40	39	1
592	74	46	27	2
593	66	58	24	3
594	62	46	32	1
595	64	46	31	3
596	54	42	40	3
597	49	45	41	3
598	70	43	30	1
599	55	48	34	1
600	77	35	33	2
601	56	48	33	5
602	60	43	34	2
603	55	44	36	2
604	77	45	25	1
605	70	41	30	1
606	61	44	32	2
607	68	42	30	1
608	50	42	40	1
609	55	41	37	1
610	68	36	34	2
611	52	51	31	2
612	51	46	35	2
613	61	43	31	1
614	58	48	29	2
615	46	43	40	1
616	67	59	20	3
617	84	36	26	2
618	62	44	28	1
619	72	34	31	1
620	81	39	24	4
621	45	41	41	4
622	57	39	34	2
623	55	49	28	2
624	58	38	34	1
625	65	37	31	5
626	69	40	27	4
627	70	44	24	2
628	72	38	27	1
629	73	36	28	1
630	85	41	21	1
631	75	39	25	2
632	84	31	28	1
633	49	45	33	1
634	50	44	33	1
635	54	42	32	1
636	68	35	30	2
637	85	40	21	1
638	72	41	24	2
639	82	33	26	2
640	56	38	33	1
641	44	43	37	2
642	54	54	24	1
643	57	35	35	2
644	54	45	28	3
645	56	55	22	1
646	43	40	39	3
647	57	39	30	2
648	53	37	34	1
649	92	36	20	2
650	53	35	35	2
651	63	34	30	1
652	68	35	27	1
653	91	28	25	1
654	104	29	21	3
655	48	37	35	2
656	60	32	32	3
657	60	34	30	1
658	84	28	26	1
659	50	42	29	1
660	63	37	26	2
661	55	44	25	1
662	55	42	25	2
663	51	39	29	2
664	58	38	26	1
665	57	37	27	1
666	42	38	35	1
667	60	32	29	3
668	56	33	30	2
669	46	41	29	1
670	63	32	27	2
671	57	38	25	2
672	47	41	28	1
673	45	39	30	3
674	45	38	30	2
675	44	35	33	1
676	47	45	23	1
677	48	46	22	1
678	54	35	25	2
679	48	35	28	3
680	71	30	22	1
681	58	30	26	1
682	43	40	26	1
683	40	36	31	2
684	64	29	23	2
685	56	33	23	1
686	59	31	23	1
687	41	39	26	1
688	67	31	20	2
689	38	35	31	2
690	46	33	27	2
691	61	26	25	1
692	35	34	32	1
693	38	31	30	2
694	47	27	25	2
695	40	36	21	1
696	34	30	20	1
