Mack/Bortfeldt(2008)
Bin-Packing-Problem
BP-RG/SBSBPP/SSSCSP
Testcase-ID	4
Problem-ID	108
no_item_types	599
no_items	1285
CONTAINER_DATA (l,w,h)	485	131	118
ITEMS_DATA:
Type	x	y	z	no_items
1	113	91	76	1
2	114	85	77	3
3	102	95	74	2
4	115	78	75	2
5	100	91	71	1
6	117	74	73	2
7	111	96	59	4
8	110	84	68	1
9	108	84	69	2
10	96	95	68	2
11	110	83	67	2
12	94	94	69	2
13	109	85	65	5
14	98	79	77	2
15	89	86	77	1
16	117	75	65	5
17	106	80	67	1
18	96	95	61	2
19	113	73	67	3
20	95	91	63	5
21	113	89	54	5
22	106	80	62	1
23	97	77	70	4
24	120	67	65	2
25	102	93	55	1
26	103	93	54	1
27	93	83	67	1
28	86	80	75	1
29	120	93	46	3
30	93	77	71	1
31	101	81	62	3
32	108	78	60	2
33	103	71	69	3
34	104	70	69	2
35	112	73	61	2
36	90	80	68	2
37	86	86	66	3
38	118	71	58	1
39	97	79	63	2
40	100	81	59	4
41	113	78	54	1
42	93	72	71	4
43	97	74	66	2
44	112	66	64	5
45	115	82	50	2
46	98	92	52	3
47	86	79	69	3
48	120	77	49	2
49	97	83	56	1
50	96	69	68	1
51	98	79	58	2
52	102	100	44	1
53	108	78	53	2
54	97	85	54	2
55	118	71	53	1
56	99	69	65	4
57	106	89	47	1
58	89	80	62	3
59	107	72	57	3
60	84	78	67	2
61	104	78	54	2
62	109	68	59	2
63	115	71	53	2
64	78	76	73	1
65	94	73	63	2
66	92	77	61	4
67	91	69	68	1
68	96	90	49	1
69	84	80	62	1
70	88	80	59	2
71	95	74	59	1
72	88	71	66	3
73	107	70	55	2
74	101	86	47	3
75	97	93	45	1
76	102	73	54	2
77	112	65	55	2
78	120	74	45	2
79	76	75	70	2
80	82	80	60	4
81	99	64	62	1
82	97	92	44	2
83	100	71	55	3
84	87	76	59	2
85	120	69	47	1
86	108	72	50	1
87	119	57	57	1
88	90	74	58	3
89	90	66	65	4
90	103	70	53	2
91	88	71	61	3
92	99	64	60	4
93	86	80	55	3
94	97	81	48	2
95	104	85	42	3
96	77	77	62	3
97	88	85	49	3
98	105	81	43	2
99	100	67	54	2
100	113	64	50	1
101	84	81	53	2
102	118	66	46	5
103	112	57	56	2
104	84	72	59	1
105	117	78	39	3
106	119	55	54	2
107	96	73	50	2
108	75	73	64	2
109	102	76	45	3
110	98	86	41	2
111	77	72	62	2
112	117	81	36	2
113	82	65	64	3
114	100	92	37	1
115	77	72	61	2
116	118	55	52	1
117	95	67	53	2
118	99	64	53	3
119	96	76	46	2
120	97	75	46	1
121	98	68	50	2
122	114	88	33	1
123	100	75	44	2
124	80	79	52	4
125	90	90	40	2
126	115	55	51	1
127	92	92	38	2
128	108	63	47	2
129	102	95	33	3
130	87	60	60	1
131	87	78	46	1
132	75	73	57	5
133	102	87	35	1
134	96	61	53	2
135	107	90	32	3
136	71	69	62	3
137	72	69	61	4
138	107	59	48	1
139	86	64	55	2
140	120	72	35	2
141	88	66	52	1
142	73	70	59	4
143	88	67	51	3
144	87	64	54	3
145	95	93	34	2
146	92	68	48	1
147	81	65	57	2
148	105	68	42	1
149	79	69	55	3
150	91	78	42	1
151	100	72	41	2
152	100	59	50	2
153	117	74	34	1
154	94	68	46	2
155	88	63	53	4
156	74	65	61	2
157	87	76	44	1
158	83	74	47	3
159	98	60	49	2
160	97	82	36	4
161	96	66	45	2
162	90	62	51	1
163	79	62	58	1
164	97	62	47	2
165	78	62	58	1
166	79	63	56	1
167	74	71	53	2
168	69	65	62	2
169	77	63	57	1
170	84	67	49	3
171	84	78	42	1
172	106	59	44	2
173	105	79	33	1
174	78	66	53	2
175	75	67	54	3
176	93	63	46	3
177	75	65	55	2
178	76	69	51	2
179	79	72	47	2
180	92	85	34	1
181	115	66	35	3
182	85	82	38	1
183	111	58	41	1
184	81	72	45	4
185	96	88	31	2
186	88	55	54	4
187	92	71	40	2
188	92	67	42	1
189	91	79	36	1
190	118	51	43	2
191	92	76	37	2
192	85	62	49	2
193	69	68	55	2
194	102	72	35	1
195	78	61	54	5
196	79	66	49	2
197	80	76	42	1
198	80	58	55	1
199	96	63	42	1
200	92	60	46	5
201	75	66	51	3
202	79	58	55	3
203	115	81	27	1
204	101	80	31	1
205	98	58	44	2
206	89	85	33	6
207	120	80	26	2
208	74	70	48	3
209	78	59	54	1
210	117	73	29	2
211	115	58	37	3
212	111	57	39	2
213	73	65	52	3
214	92	67	40	3
215	115	93	23	3
216	80	59	52	1
217	85	74	39	1
218	67	62	59	2
219	90	73	37	1
220	84	76	38	3
221	100	59	41	2
222	115	95	22	1
223	78	57	54	1
224	119	56	36	2
225	112	69	31	2
226	76	65	48	1
227	108	52	42	1
228	71	65	51	2
229	84	82	34	3
230	114	76	27	1
231	81	64	45	5
232	90	74	35	3
233	107	64	34	2
234	82	66	43	2
235	114	60	34	3
236	84	53	52	4
237	88	82	32	3
238	80	61	47	2
239	73	58	54	2
240	87	75	35	2
241	79	64	45	4
242	78	56	52	3
243	100	84	27	3
244	116	93	21	4
245	81	65	43	1
246	73	62	50	1
247	76	69	43	4
248	87	74	35	3
249	96	52	45	1
250	97	68	34	3
251	77	71	41	4
252	99	73	31	2
253	86	62	42	2
254	67	63	53	5
255	83	61	44	2
256	116	48	40	2
257	103	80	27	5
258	96	68	34	1
259	94	59	40	2
260	81	57	48	2
261	107	48	43	1
262	76	64	45	2
263	100	91	24	1
264	63	63	55	1
265	76	54	53	2
266	92	60	39	2
267	74	58	50	4
268	112	66	29	2
269	94	60	38	2
270	75	56	51	4
271	76	67	42	2
272	75	66	43	2
273	73	71	41	2
274	63	59	57	3
275	114	53	35	3
276	77	74	37	2
277	72	61	48	2
278	79	54	49	1
279	96	75	29	3
280	96	62	35	5
281	89	60	39	1
282	111	75	25	2
283	95	73	30	2
284	74	68	41	1
285	92	77	29	1
286	102	59	34	2
287	87	67	35	1
288	75	68	40	2
289	97	75	28	1
290	64	60	53	1
291	94	56	38	3
292	76	64	41	1
293	67	55	54	2
294	91	59	37	2
295	104	53	36	3
296	105	51	37	2
297	111	71	25	2
298	69	62	46	2
299	84	65	36	3
300	96	93	22	1
301	101	81	24	1
302	94	72	29	1
303	86	57	40	1
304	104	85	22	4
305	77	56	45	1
306	67	59	49	3
307	89	68	32	1
308	83	63	37	2
309	102	70	27	3
310	73	73	36	1
311	80	51	47	1
312	87	76	29	3
313	115	45	37	3
314	95	53	38	2
315	73	67	39	1
316	88	57	38	6
317	67	58	49	2
318	112	58	29	1
319	104	53	34	1
320	78	50	48	3
321	83	75	30	2
322	63	57	52	2
323	83	68	33	2
324	97	87	22	1
325	74	66	38	2
326	109	63	27	2
327	66	56	50	4
328	89	61	34	2
329	84	61	36	2
330	116	48	33	4
331	79	58	40	1
332	65	54	52	2
333	80	65	35	4
334	65	65	43	3
335	85	61	35	3
336	96	51	37	1
337	76	54	44	1
338	94	71	27	1
339	77	60	39	2
340	79	76	30	2
341	73	56	44	2
342	96	60	31	5
343	70	51	50	2
344	76	69	34	2
345	66	60	45	2
346	100	89	20	2
347	79	66	34	2
348	74	72	33	1
349	71	65	38	2
350	110	43	37	3
351	60	57	51	2
352	71	61	40	2
353	67	63	41	4
354	83	52	40	2
355	99	83	21	1
356	112	57	27	2
357	61	54	52	1
358	88	46	42	1
359	69	50	49	1
360	96	73	24	1
361	80	65	32	3
362	78	56	38	2
363	111	45	33	1
364	89	88	21	1
365	93	43	41	3
366	96	46	37	3
367	67	53	46	1
368	111	49	30	1
369	91	64	28	4
370	87	69	27	2
371	116	48	29	2
372	78	54	38	3
373	71	66	34	2
374	68	53	44	1
375	90	88	20	3
376	89	48	37	3
377	61	55	47	2
378	90	46	38	2
379	66	54	44	3
380	64	50	49	3
381	120	42	31	2
382	60	52	50	1
383	61	51	50	1
384	61	53	48	3
385	87	54	33	3
386	65	64	37	5
387	75	54	38	1
388	92	45	37	1
389	69	65	34	2
390	66	49	47	2
391	74	66	31	2
392	83	48	38	4
393	59	57	45	3
394	80	70	27	3
395	98	73	21	1
396	102	46	32	1
397	79	73	26	2
398	65	49	47	2
399	68	51	43	1
400	69	61	35	4
401	111	51	26	2
402	116	42	30	2
403	69	68	31	2
404	71	66	31	4
405	67	57	38	3
406	83	46	38	1
407	63	56	41	1
408	84	43	40	1
409	93	47	33	3
410	58	54	46	3
411	74	66	29	1
412	69	57	36	1
413	69	50	41	2
414	64	48	46	3
415	60	50	47	6
416	100	48	29	4
417	68	51	40	2
418	60	59	39	3
419	88	46	34	2
420	73	57	33	2
421	77	54	33	3
422	56	53	46	2
423	70	59	33	2
424	99	55	25	2
425	84	52	31	3
426	67	65	31	2
427	101	43	31	2
428	84	47	34	2
429	117	38	30	2
430	71	48	39	2
431	79	48	35	1
432	85	65	24	6
433	68	50	39	2
434	94	47	30	3
435	53	50	50	2
436	79	54	31	1
437	68	57	34	2
438	76	72	24	2
439	93	56	25	1
440	53	51	48	1
441	63	57	36	1
442	84	48	32	1
443	60	55	39	2
444	80	55	29	2
445	81	49	32	2
446	78	44	37	4
447	91	45	31	3
448	63	61	33	3
449	71	66	27	1
450	73	52	33	3
451	120	52	20	2
452	78	64	25	3
453	76	51	32	1
454	70	61	29	3
455	98	45	28	2
456	79	52	30	1
457	120	33	31	2
458	63	62	31	1
459	88	37	37	1
460	70	43	40	3
461	57	48	44	2
462	57	49	43	1
463	58	53	39	2
464	106	34	33	3
465	89	37	36	2
466	79	71	21	1
467	79	51	29	1
468	83	42	33	2
469	67	45	38	2
470	74	64	24	1
471	59	55	35	1
472	90	36	35	1
473	61	58	32	1
474	83	42	32	2
475	87	49	26	2
476	70	63	25	1
477	65	41	41	2
478	92	38	31	2
479	75	42	34	4
480	72	67	22	1
481	86	36	34	1
482	99	48	22	3
483	61	46	37	3
484	59	53	33	2
485	71	38	38	3
486	82	48	26	3
487	80	44	29	5
488	65	56	28	2
489	94	36	30	1
490	100	39	26	2
491	64	49	32	1
492	101	32	31	2
493	56	48	37	2
494	69	45	32	1
495	55	51	35	3
496	64	45	34	2
497	89	42	26	2
498	77	42	30	5
499	61	61	26	1
500	69	41	34	1
501	55	51	34	1
502	66	38	38	1
503	99	37	26	1
504	52	48	38	1
505	66	59	24	2
506	65	62	23	1
507	63	43	34	3
508	67	40	34	4
509	68	46	29	2
510	72	44	28	1
511	66	38	35	3
512	72	50	24	2
513	59	54	27	1
514	64	46	29	1
515	52	48	34	2
516	52	51	32	2
517	56	54	28	2
518	62	39	35	3
519	69	48	25	3
520	83	32	31	1
521	50	41	40	3
522	74	55	20	3
523	64	60	20	2
524	85	45	20	1
525	59	43	30	2
526	90	40	21	3
527	48	45	35	2
528	53	46	31	2
529	64	59	20	3
530	64	39	30	4
531	92	30	27	2
532	56	47	28	1
533	74	45	22	4
534	53	51	27	1
535	76	48	20	2
536	69	52	20	4
537	74	44	22	2
538	71	34	29	3
539	51	40	34	3
540	58	44	27	1
541	73	32	29	1
542	58	36	32	1
543	75	37	24	2
544	73	35	26	1
545	52	41	31	2
546	62	53	20	2
547	72	35	26	3
548	55	35	34	2
549	86	29	26	4
550	45	40	36	1
551	89	28	26	2
552	108	26	23	1
553	63	34	30	3
554	48	37	36	1
555	92	30	23	2
556	105	27	22	1
557	81	36	21	2
558	54	35	32	3
559	50	40	30	1
560	56	53	20	4
561	60	38	26	3
562	70	31	27	2
563	65	30	30	2
564	66	44	20	2
565	46	42	30	3
566	66	33	26	2
567	63	39	23	3
568	70	32	25	2
569	77	29	25	1
570	45	41	30	1
571	76	31	23	1
572	51	48	22	1
573	61	32	27	2
574	50	32	32	3
575	48	41	26	3
576	44	40	28	2
577	51	31	31	2
578	42	40	29	2
579	47	38	27	2
580	51	36	26	1
581	57	35	23	3
582	38	35	34	3
583	52	32	27	1
584	41	35	31	2
585	50	37	24	6
586	60	32	23	1
587	62	32	22	1
588	79	25	22	1
589	58	33	22	3
590	53	31	25	2
591	57	34	21	1
592	57	31	23	4
593	44	34	27	1
594	52	34	21	3
595	33	32	29	1
596	41	27	26	1
597	38	29	26	2
598	32	31	28	2
599	39	26	25	2
