Mack/Bortfeldt(2008)
Bin-Packing-Problem
BP-RG/SBSBPP/SSSCSP
Testcase-ID	4
Problem-ID	100
no_item_types	499
no_items	1300
CONTAINER_DATA (l,w,h)	485	131	118
ITEMS_DATA:
Type	x	y	z	no_items
1	111	93	74	3
2	99	93	80	2
3	97	91	80	5
4	100	96	72	3
5	111	94	66	3
6	113	89	67	2
7	95	94	75	4
8	113	79	75	3
9	103	89	73	4
10	113	89	63	4
11	120	78	67	4
12	100	89	70	1
13	96	80	80	2
14	115	90	58	8
15	95	86	73	4
16	101	96	61	2
17	93	91	68	4
18	118	73	64	1
19	113	90	54	2
20	116	71	66	4
21	89	85	71	3
22	119	88	51	2
23	86	84	73	2
24	113	75	62	1
25	106	78	63	3
26	119	72	60	2
27	108	82	56	2
28	96	82	63	4
29	87	76	75	1
30	79	79	78	3
31	107	81	56	1
32	82	81	71	1
33	89	88	60	2
34	100	82	57	4
35	109	74	57	5
36	110	74	56	2
37	116	98	40	1
38	101	90	50	3
39	80	75	75	2
40	115	66	59	3
41	119	99	38	2
42	95	93	50	2
43	81	80	68	2
44	95	69	67	2
45	92	79	60	4
46	93	71	66	2
47	114	78	49	2
48	89	79	61	2
49	93	76	60	2
50	120	75	47	2
51	117	86	42	5
52	91	86	54	4
53	113	93	40	4
54	118	79	45	1
55	96	79	55	3
56	83	75	67	1
57	91	76	60	5
58	95	92	47	2
59	119	76	45	2
60	82	76	65	1
61	94	78	55	2
62	103	65	60	2
63	107	75	50	2
64	85	77	61	2
65	101	94	42	2
66	119	71	47	1
67	115	80	43	1
68	84	71	66	1
69	92	91	47	4
70	94	89	47	3
71	94	82	51	1
72	85	70	66	5
73	97	67	60	2
74	87	72	62	1
75	86	85	53	4
76	100	73	53	1
77	80	78	62	2
78	108	76	47	3
79	108	66	54	1
80	95	71	57	2
81	101	69	55	3
82	106	63	57	3
83	87	79	55	2
84	75	73	69	2
85	88	76	56	3
86	89	75	56	2
87	99	74	51	3
88	92	75	54	4
89	95	90	43	5
90	85	78	55	5
91	85	67	64	3
92	86	69	61	5
93	90	73	55	1
94	95	74	51	3
95	81	79	56	1
96	117	92	33	2
97	74	70	68	2
98	115	69	44	1
99	95	94	39	3
100	88	76	52	2
101	108	87	37	1
102	82	68	62	2
103	117	92	32	3
104	90	67	57	1
105	111	76	40	2
106	83	75	54	2
107	100	80	42	4
108	107	95	33	2
109	116	78	37	2
110	100	63	53	3
111	103	60	54	3
112	106	85	37	3
113	72	70	66	4
114	88	75	50	3
115	82	67	60	4
116	77	75	57	1
117	76	71	61	1
118	88	64	58	4
119	103	66	48	4
120	89	84	43	2
121	80	74	54	2
122	86	65	57	1
123	119	78	34	2
124	117	64	42	3
125	102	56	55	2
126	111	88	32	2
127	94	86	38	1
128	96	68	47	3
129	90	64	53	3
130	99	79	39	3
131	73	65	64	1
132	95	68	47	3
133	83	77	47	3
134	84	65	55	3
135	116	55	47	4
136	108	73	38	3
137	106	74	38	3
138	81	62	59	2
139	112	80	33	2
140	95	74	42	6
141	80	60	59	1
142	99	55	52	3
143	115	79	31	2
144	86	86	38	2
145	94	83	36	6
146	92	58	52	1
147	90	88	35	1
148	92	59	51	1
149	118	67	35	2
150	94	84	35	3
151	100	89	31	1
152	88	57	55	5
153	74	63	59	1
154	66	66	63	2
155	87	73	43	1
156	113	85	28	4
157	98	56	49	3
158	76	63	56	2
159	99	73	37	4
160	95	62	45	3
161	86	58	53	2
162	107	68	36	2
163	77	69	49	3
164	88	67	44	2
165	89	62	47	4
166	73	71	50	3
167	86	60	50	4
168	110	60	39	2
169	68	63	60	3
170	66	66	59	1
171	79	77	42	1
172	96	83	32	2
173	94	90	30	4
174	89	79	36	2
175	99	73	35	6
176	97	53	49	4
177	115	95	23	4
178	84	76	39	4
179	80	66	47	3
180	100	55	45	4
181	71	61	57	3
182	113	52	42	4
183	81	66	46	1
184	98	53	47	5
185	99	79	31	2
186	71	63	54	3
187	120	69	29	3
188	71	66	51	3
189	81	60	49	4
190	96	56	44	3
191	72	63	52	4
192	114	50	41	3
193	95	63	39	3
194	80	57	51	4
195	85	70	39	3
196	105	47	46	2
197	99	60	38	1
198	82	67	41	3
199	93	59	41	3
200	87	76	34	2
201	98	71	32	4
202	89	61	41	3
203	86	60	43	1
204	106	55	38	3
205	82	60	45	3
206	99	52	43	4
207	120	92	20	1
208	78	54	52	2
209	80	68	40	4
210	71	68	45	1
211	114	56	34	3
212	73	55	54	3
213	85	75	34	2
214	100	50	43	1
215	90	54	44	3
216	76	72	39	1
217	98	90	24	2
218	117	86	21	2
219	74	62	46	2
220	63	63	53	3
221	64	63	52	4
222	78	74	36	5
223	80	74	35	2
224	98	81	26	4
225	76	59	46	3
226	97	66	32	2
227	102	100	20	6
228	90	58	39	2
229	75	59	46	2
230	75	60	45	1
231	96	51	41	2
232	95	70	30	3
233	78	69	37	2
234	75	54	49	1
235	116	61	28	3
236	86	82	28	3
237	70	67	42	4
238	82	52	46	2
239	103	95	20	1
240	117	44	38	2
241	111	55	32	3
242	64	61	50	2
243	84	68	34	1
244	103	48	39	3
245	117	54	30	3
246	81	52	45	5
247	74	73	35	4
248	79	61	39	2
249	87	60	36	4
250	103	48	38	5
251	108	47	37	2
252	72	72	36	1
253	74	72	35	1
254	85	81	27	4
255	73	53	48	2
256	74	67	37	2
257	87	68	31	2
258	112	71	23	3
259	80	60	38	4
260	64	58	49	1
261	105	64	27	1
262	65	62	45	2
263	98	50	37	2
264	78	49	47	2
265	75	57	42	2
266	89	69	29	2
267	96	50	37	3
268	87	85	24	4
269	84	72	29	2
270	99	49	36	3
271	79	65	34	2
272	92	79	24	4
273	91	58	33	3
274	68	58	44	3
275	84	71	29	2
276	80	48	45	1
277	87	48	41	4
278	80	52	41	2
279	62	59	46	2
280	78	77	28	4
281	82	60	34	1
282	91	47	39	1
283	100	52	32	2
284	66	56	45	2
285	102	65	25	5
286	69	50	48	3
287	92	85	21	4
288	76	54	40	2
289	71	56	41	1
290	72	49	46	3
291	64	60	42	3
292	82	56	35	1
293	65	53	46	4
294	57	55	50	3
295	57	56	49	3
296	98	44	36	3
297	90	46	37	2
298	83	45	41	3
299	84	52	35	1
300	115	40	33	3
301	74	62	33	2
302	82	45	41	3
303	66	52	44	3
304	69	66	33	2
305	80	55	34	2
306	66	51	44	1
307	66	56	40	3
308	100	41	36	2
309	63	53	44	2
310	115	44	29	3
311	80	73	25	2
312	96	66	23	3
313	90	49	33	4
314	58	57	44	4
315	97	44	34	1
316	61	58	41	2
317	80	49	37	6
318	83	47	37	2
319	75	49	39	1
320	84	46	37	3
321	74	60	32	2
322	71	50	40	5
323	57	53	47	2
324	60	55	43	1
325	71	64	31	1
326	108	52	25	5
327	79	52	34	2
328	101	69	20	3
329	69	61	33	2
330	72	47	41	2
331	74	62	30	5
332	61	48	47	3
333	92	65	23	1
334	65	48	44	2
335	70	62	31	1
336	73	46	40	3
337	92	56	26	2
338	64	51	41	2
339	71	47	40	3
340	78	71	24	3
341	109	42	29	5
342	115	36	32	3
343	100	40	33	2
344	80	75	22	1
345	92	57	25	4
346	90	52	28	2
347	71	45	41	1
348	58	56	40	2
349	65	54	37	3
350	71	59	31	1
351	94	60	23	2
352	116	43	26	2
353	119	34	32	3
354	100	40	32	2
355	99	46	28	4
356	93	39	35	3
357	72	43	41	2
358	80	56	28	2
359	110	39	29	1
360	55	48	47	2
361	71	67	26	3
362	86	41	35	3
363	74	45	37	3
364	68	67	27	3
365	65	63	30	4
366	65	51	37	6
367	58	54	39	2
368	113	36	30	6
369	83	42	35	6
370	106	38	30	3
371	91	49	27	1
372	79	76	20	4
373	87	53	26	2
374	88	45	30	2
375	51	49	47	2
376	69	63	27	5
377	78	60	25	1
378	67	58	30	3
379	56	47	44	2
380	66	46	38	2
381	78	51	29	2
382	63	61	30	2
383	54	52	41	1
384	81	59	24	3
385	61	48	39	4
386	75	40	38	3
387	71	42	38	3
388	66	44	38	2
389	68	48	33	1
390	60	56	32	3
391	112	32	30	2
392	58	51	36	1
393	74	65	22	4
394	116	39	23	1
395	73	43	33	3
396	51	46	44	1
397	83	56	22	4
398	74	46	30	2
399	52	49	40	3
400	79	40	32	2
401	55	54	34	2
402	75	42	32	3
403	67	60	25	2
404	97	37	28	2
405	83	55	22	2
406	91	39	28	3
407	67	40	37	1
408	61	54	30	3
409	59	45	37	3
410	55	51	35	3
411	64	49	31	2
412	68	49	29	4
413	94	46	22	2
414	83	38	30	2
415	88	43	25	4
416	51	46	40	5
417	117	38	21	2
418	63	46	32	1
419	66	50	28	2
420	77	40	30	1
421	96	40	24	3
422	62	41	36	3
423	95	31	31	3
424	70	61	21	2
425	51	50	35	3
426	46	45	43	4
427	118	29	26	2
428	74	40	30	3
429	54	53	31	3
430	54	48	34	3
431	66	53	25	3
432	55	48	33	5
433	113	32	24	4
434	51	47	36	2
435	72	40	29	2
436	58	48	30	1
437	44	44	43	2
438	48	44	39	1
439	52	52	30	4
440	70	48	24	1
441	82	36	27	3
442	113	27	26	1
443	92	39	22	1
444	49	41	39	1
445	70	50	22	2
446	73	39	27	2
447	67	44	26	1
448	53	48	30	3
449	75	36	28	2
450	62	58	21	1
451	98	32	24	3
452	61	56	22	2
453	113	33	20	2
454	50	41	36	3
455	64	36	32	3
456	97	28	27	3
457	85	33	26	2
458	65	36	31	4
459	61	37	32	3
460	68	53	20	3
461	87	41	20	3
462	83	33	26	5
463	55	43	30	4
464	108	31	21	3
465	64	42	26	3
466	57	35	35	1
467	43	40	40	3
468	78	42	21	4
469	54	45	28	2
470	73	33	28	2
471	84	32	25	1
472	102	26	25	4
473	62	48	22	2
474	50	43	29	3
475	72	35	24	3
476	51	37	32	2
477	56	42	25	2
478	49	36	33	3
479	54	41	26	2
480	64	34	26	4
481	45	38	32	3
482	46	45	26	3
483	49	35	29	3
484	47	42	25	4
485	57	34	23	2
486	55	30	27	2
487	45	41	24	1
488	38	35	32	5
489	43	34	29	2
490	45	37	24	2
491	39	34	30	3
492	76	25	20	3
493	38	32	30	3
494	39	33	27	4
495	40	33	26	2
496	42	36	20	2
497	53	27	21	2
498	41	31	22	4
499	42	25	21	3
