Mack/Bortfeldt(2008)
Bin-Packing-Problem
BP-RG/SBSBPP/SSSCSP
Testcase-ID	4
Problem-ID	85
no_item_types	400
no_items	1240
CONTAINER_DATA (l,w,h)	485	131	118
ITEMS_DATA:
Type	x	y	z	no_items
1	115	90	78	5
2	114	97	66	2
3	98	96	76	6
4	111	99	64	2
5	116	79	73	5
6	111	89	66	2
7	114	95	60	2
8	114	79	72	2
9	120	80	64	3
10	109	76	73	3
11	101	93	64	4
12	93	86	75	4
13	103	84	69	1
14	109	80	68	6
15	98	90	67	2
16	114	80	64	2
17	105	77	72	3
18	94	79	78	3
19	89	82	78	4
20	106	88	60	2
21	105	80	66	4
22	107	84	61	2
23	95	87	66	5
24	109	95	52	2
25	93	86	67	4
26	88	82	74	3
27	102	100	49	1
28	85	77	76	2
29	119	67	62	3
30	109	76	59	3
31	87	76	73	2
32	97	74	67	4
33	104	70	66	1
34	111	80	53	1
35	88	74	72	2
36	112	72	58	2
37	82	80	71	1
38	90	77	67	3
39	107	66	65	3
40	108	78	54	1
41	85	76	70	4
42	99	68	67	5
43	92	74	66	4
44	78	76	75	4
45	85	83	62	4
46	92	76	62	3
47	112	84	46	3
48	97	87	51	2
49	86	81	61	3
50	100	74	57	2
51	111	62	61	3
52	115	67	54	5
53	82	72	70	5
54	80	78	66	1
55	98	75	55	4
56	79	75	68	6
57	114	88	40	2
58	85	80	59	5
59	99	65	62	3
60	97	72	57	3
61	114	71	49	5
62	97	67	61	3
63	97	95	43	6
64	99	74	54	2
65	118	93	36	2
66	96	91	45	3
67	99	81	49	1
68	84	75	61	2
69	106	73	49	4
70	89	85	50	2
71	119	61	52	6
72	78	71	68	7
73	79	72	66	2
74	95	68	57	3
75	98	67	56	3
76	100	73	50	2
77	117	82	38	2
78	80	72	63	2
79	74	73	67	3
80	96	65	58	3
81	76	72	66	2
82	114	79	40	2
83	98	63	58	4
84	90	84	47	5
85	95	79	47	3
86	101	71	49	4
87	86	78	52	4
88	98	61	58	3
89	104	58	57	2
90	95	77	47	2
91	83	69	60	5
92	108	66	48	3
93	98	60	58	1
94	120	81	35	2
95	97	73	47	4
96	102	77	42	2
97	115	61	47	6
98	90	83	44	2
99	105	68	46	7
100	106	75	41	7
101	79	76	54	5
102	80	79	51	1
103	90	83	43	2
104	90	74	48	1
105	88	86	42	3
106	93	74	46	2
107	92	86	40	8
108	104	79	38	3
109	85	79	46	5
110	87	71	50	2
111	92	71	47	5
112	108	71	40	1
113	80	75	51	2
114	93	80	41	4
115	84	66	55	2
116	92	77	43	3
117	92	59	55	4
118	85	66	53	3
119	91	64	51	5
120	94	77	41	3
121	79	78	48	4
122	82	68	53	3
123	84	66	53	6
124	119	72	34	3
125	115	56	45	4
126	97	66	45	3
127	76	74	50	3
128	88	71	45	3
129	84	76	44	4
130	92	62	49	1
131	92	66	46	3
132	89	87	36	2
133	82	70	48	2
134	68	64	63	4
135	107	61	42	2
136	96	66	43	2
137	80	68	50	2
138	100	66	41	2
139	82	76	43	4
140	118	54	42	2
141	120	82	27	2
142	98	71	38	3
143	103	53	48	2
144	96	73	37	5
145	94	54	51	3
146	112	64	36	2
147	79	64	51	2
148	97	83	32	5
149	73	72	49	3
150	87	62	46	4
151	77	76	42	3
152	102	83	29	2
153	75	65	50	5
154	86	59	48	2
155	79	77	40	2
156	95	71	36	2
157	107	61	37	3
158	76	72	44	3
159	92	90	29	4
160	82	75	39	6
161	117	89	23	1
162	71	63	53	3
163	87	68	40	4
164	91	65	40	6
165	66	65	55	2
166	75	57	55	1
167	92	52	49	5
168	89	56	47	1
169	106	91	24	5
170	96	56	43	3
171	69	67	50	4
172	115	69	29	3
173	79	63	46	2
174	95	68	35	3
175	89	65	39	3
176	86	79	33	2
177	74	58	52	3
178	81	64	43	4
179	76	54	54	3
180	116	53	36	4
181	91	54	45	4
182	78	59	48	2
183	105	78	26	4
184	100	56	38	3
185	112	95	20	6
186	93	87	26	1
187	95	58	38	1
188	89	65	36	3
189	83	57	44	3
190	88	51	46	4
191	117	55	32	2
192	73	67	42	1
193	106	88	22	3
194	68	67	45	3
195	96	59	36	3
196	98	52	40	4
197	89	76	30	3
198	85	72	33	3
199	86	71	33	4
200	100	71	28	3
201	112	59	30	3
202	99	77	26	1
203	95	61	34	2
204	76	75	34	6
205	80	73	33	5
206	95	45	45	4
207	76	63	40	1
208	114	67	25	3
209	100	56	34	5
210	96	90	22	2
211	80	72	33	3
212	87	52	42	2
213	94	59	34	1
214	78	63	38	3
215	84	55	40	3
216	86	69	31	3
217	108	85	20	4
218	92	79	25	3
219	81	56	40	2
220	77	76	31	4
221	116	78	20	4
222	68	63	42	4
223	110	71	23	6
224	86	58	36	1
225	93	47	41	3
226	91	53	37	3
227	120	45	33	2
228	86	74	28	2
229	92	60	32	3
230	65	63	43	1
231	83	47	45	2
232	63	58	48	3
233	66	55	48	2
234	116	44	34	3
235	81	63	34	5
236	82	78	27	1
237	70	56	44	2
238	69	64	39	3
239	85	53	38	3
240	76	66	34	5
241	89	58	33	1
242	113	50	30	4
243	68	62	40	4
244	65	57	45	1
245	118	38	37	4
246	97	43	39	2
247	86	61	31	4
248	76	56	38	2
249	71	66	34	5
250	76	51	41	3
251	73	70	31	5
252	75	57	37	1
253	80	48	41	3
254	62	55	46	2
255	67	52	45	4
256	75	58	36	4
257	115	67	20	1
258	75	64	32	1
259	63	53	46	3
260	83	49	37	5
261	80	52	36	3
262	86	54	32	2
263	86	59	29	5
264	87	43	39	6
265	81	64	28	1
266	100	63	23	3
267	73	60	33	4
268	75	48	40	3
269	76	45	42	1
270	60	54	44	3
271	66	60	36	4
272	79	44	41	4
273	98	45	32	2
274	71	58	34	6
275	97	48	30	2
276	94	57	26	2
277	59	49	48	3
278	60	59	39	1
279	83	83	20	4
280	93	74	20	4
281	85	70	23	3
282	83	47	35	3
283	84	54	30	4
284	68	50	40	3
285	73	49	38	2
286	119	40	28	5
287	68	65	30	2
288	111	54	22	4
289	66	56	35	2
290	88	42	35	2
291	92	38	37	4
292	55	50	47	3
293	79	77	21	3
294	80	48	33	3
295	67	47	40	5
296	66	56	34	5
297	90	45	31	4
298	63	60	33	2
299	94	53	25	4
300	74	48	35	1
301	78	53	30	4
302	63	56	35	1
303	62	51	39	4
304	58	46	46	2
305	118	45	23	4
306	69	44	40	2
307	81	39	38	6
308	85	54	26	2
309	120	43	23	3
310	63	56	33	3
311	100	43	27	3
312	112	37	28	2
313	64	43	42	2
314	107	45	24	3
315	69	54	31	3
316	111	52	20	4
317	70	53	30	2
318	73	47	32	3
319	76	38	38	3
320	68	62	26	3
321	87	50	25	3
322	58	55	34	4
323	71	69	22	4
324	63	55	31	2
325	71	63	24	1
326	90	37	32	4
327	56	45	42	3
328	108	37	26	5
329	92	56	20	2
330	71	58	25	3
331	79	42	31	4
332	91	40	28	5
333	47	47	46	5
334	93	39	28	4
335	119	34	25	6
336	54	43	43	4
337	63	44	36	4
338	86	40	29	3
339	75	39	34	1
340	105	43	22	6
341	66	39	38	4
342	109	37	24	4
343	68	50	28	3
344	69	43	32	3
345	60	58	27	4
346	88	41	26	2
347	77	45	27	1
348	62	55	27	4
349	65	52	27	2
350	66	39	35	4
351	60	60	25	3
352	72	46	27	2
353	71	39	32	4
354	100	33	26	3
355	120	31	23	1
356	85	33	30	2
357	81	47	22	2
358	92	44	20	4
359	84	38	25	2
360	55	41	35	2
361	61	46	28	3
362	53	42	35	2
363	45	43	40	3
364	60	40	32	5
365	61	48	26	4
366	99	29	26	4
367	88	42	20	2
368	72	48	21	3
369	100	28	25	2
370	51	39	35	4
371	104	27	24	3
372	54	37	33	6
373	66	37	27	2
374	60	41	26	1
375	56	42	27	1
376	46	40	33	2
377	66	35	26	6
378	52	50	23	3
379	79	36	21	2
380	46	37	34	2
381	71	37	22	2
382	57	34	29	4
383	54	40	26	5
384	93	30	20	5
385	58	37	26	2
386	42	39	34	5
387	51	43	25	3
388	48	37	30	2
389	40	37	36	2
390	42	36	32	5
391	45	40	26	4
392	54	32	27	3
393	69	32	20	1
394	59	34	22	3
395	43	33	31	1
396	44	37	27	5
397	70	25	25	1
398	45	33	28	5
399	40	34	30	3
400	45	30	25	3
