Mack/Bortfeldt(2008)
Bin-Packing-Problem
BP-RG/SBSBPP/SSSCSP
Testcase-ID	6
Problem-ID	87
no_item_types	399
no_items	1807
CONTAINER_DATA (l,w,h)	459	105	93
ITEMS_DATA:
Type	x	y	z	no_items
1	120	98	74	1
2	120	99	72	1
3	115	98	63	6
4	118	98	57	5
5	102	100	62	4
6	99	91	70	2
7	103	100	60	4
8	117	88	60	3
9	96	81	78	4
10	104	92	63	4
11	108	84	66	3
12	88	85	80	3
13	114	77	67	9
14	104	86	65	5
15	113	75	68	4
16	97	80	73	4
17	109	74	70	4
18	119	69	68	4
19	107	73	70	2
20	94	88	66	7
21	103	91	58	6
22	97	93	60	5
23	98	92	59	6
24	116	71	64	2
25	93	91	62	5
26	92	86	66	9
27	90	78	74	3
28	99	86	61	5
29	114	100	45	4
30	109	92	51	4
31	120	69	61	2
32	117	87	49	2
33	100	93	53	7
34	84	79	74	5
35	93	89	59	5
36	95	84	61	2
37	89	78	70	6
38	97	86	58	6
39	117	70	59	4
40	99	87	56	4
41	96	90	55	10
42	109	68	64	10
43	115	77	53	9
44	94	78	64	4
45	102	74	62	3
46	88	75	70	3
47	104	70	63	5
48	92	74	67	5
49	99	99	46	5
50	91	76	65	3
51	115	78	50	6
52	113	76	52	7
53	89	82	61	6
54	111	70	57	5
55	99	77	58	5
56	92	69	69	6
57	97	77	58	7
58	98	72	61	3
59	113	95	40	2
60	120	65	55	5
61	120	99	36	5
62	111	98	39	2
63	116	69	53	5
64	97	80	54	5
65	104	66	61	3
66	94	68	65	5
67	87	78	61	3
68	78	73	72	2
69	79	73	71	5
70	112	73	50	7
71	80	79	64	7
72	78	73	71	4
73	92	87	50	6
74	92	82	53	6
75	119	67	50	8
76	113	88	40	2
77	97	64	64	7
78	103	89	43	2
79	106	63	59	4
80	76	76	68	3
81	98	69	57	7
82	104	74	50	5
83	90	71	60	1
84	98	64	61	6
85	102	69	54	5
86	94	68	59	3
87	105	81	44	2
88	98	93	41	3
89	99	85	44	4
90	82	76	59	3
91	74	73	68	4
92	101	71	51	6
93	108	69	49	3
94	111	64	51	6
95	89	70	58	5
96	99	91	40	5
97	98	73	50	5
98	102	71	49	3
99	75	72	64	4
100	85	70	58	3
101	93	80	46	5
102	77	71	62	4
103	88	80	48	3
104	109	72	43	4
105	96	65	54	7
106	90	81	46	8
107	109	68	45	6
108	70	69	69	1
109	100	83	40	5
110	93	78	45	3
111	84	68	57	4
112	97	68	49	2
113	86	67	56	3
114	80	73	54	7
115	83	64	59	4
116	114	56	49	6
117	118	66	40	2
118	85	69	53	2
119	87	68	52	5
120	68	67	67	6
121	84	63	57	6
122	98	64	48	6
123	82	79	46	7
124	94	83	38	5
125	112	71	37	4
126	78	72	51	2
127	119	65	37	5
128	78	63	58	3
129	73	72	54	2
130	105	73	37	3
131	89	65	49	3
132	80	62	57	6
133	96	63	46	6
134	107	67	38	4
135	118	72	32	7
136	104	52	50	4
137	95	71	40	4
138	93	69	42	4
139	84	58	55	2
140	89	70	43	4
141	87	57	54	3
142	113	81	29	2
143	100	55	48	3
144	89	57	52	7
145	116	84	27	9
146	74	68	52	6
147	86	80	38	4
148	110	74	32	2
149	91	84	34	3
150	91	81	35	3
151	99	76	34	5
152	120	66	32	3
153	90	55	51	5
154	75	67	50	6
155	105	77	31	3
156	84	67	44	4
157	81	71	43	4
158	99	96	26	5
159	109	55	41	5
160	118	65	32	4
161	78	56	56	5
162	89	67	41	5
163	92	68	39	5
164	84	63	46	4
165	76	76	42	3
166	108	59	38	4
167	80	63	48	3
168	66	62	59	6
169	76	69	46	3
170	89	53	51	6
171	89	67	40	3
172	99	51	47	4
173	87	68	40	5
174	67	63	56	5
175	84	56	50	5
176	112	51	41	2
177	94	69	36	7
178	83	70	40	5
179	120	84	23	6
180	96	73	33	6
181	119	67	29	8
182	99	80	29	1
183	74	73	42	5
184	90	86	29	7
185	98	69	33	3
186	96	58	40	3
187	97	69	33	5
188	70	63	50	5
189	73	58	52	4
190	110	47	42	4
191	67	66	49	9
192	102	96	22	2
193	76	64	44	1
194	78	75	36	6
195	100	78	27	3
196	91	56	41	7
197	84	56	44	4
198	90	51	45	5
199	94	61	36	6
200	98	60	35	6
201	90	60	38	5
202	73	54	52	6
203	95	63	34	3
204	104	78	25	2
205	66	61	50	10
206	110	63	29	5
207	81	67	37	4
208	82	72	34	5
209	80	54	46	7
210	81	51	48	8
211	88	75	30	5
212	112	49	36	4
213	75	57	46	4
214	68	54	53	9
215	87	53	42	3
216	112	64	27	5
217	96	83	24	5
218	91	50	42	4
219	62	57	54	5
220	69	53	52	1
221	97	56	35	4
222	79	51	47	2
223	81	73	32	3
224	80	62	38	6
225	69	58	47	7
226	81	72	32	2
227	99	94	20	4
228	92	47	43	4
229	119	41	38	8
230	99	62	30	5
231	107	44	39	6
232	74	67	37	8
233	94	67	29	8
234	98	93	20	1
235	77	62	38	4
236	113	47	34	3
237	100	53	34	5
238	89	77	26	4
239	74	65	37	2
240	59	58	52	5
241	78	71	32	6
242	82	54	40	5
243	64	53	52	12
244	74	72	33	1
245	82	61	35	5
246	74	62	38	3
247	77	73	31	4
248	70	62	40	5
249	76	67	34	6
250	94	51	36	6
251	90	49	39	4
252	77	54	41	5
253	71	51	47	7
254	63	61	44	2
255	65	65	40	5
256	89	78	24	6
257	88	51	37	3
258	87	53	36	3
259	75	69	32	4
260	88	57	33	4
261	66	50	50	5
262	98	67	25	6
263	100	63	26	8
264	68	56	43	5
265	94	60	29	3
266	87	81	23	4
267	89	55	33	5
268	72	62	36	7
269	120	38	35	8
270	65	50	49	3
271	82	51	38	6
272	79	50	40	2
273	85	44	42	3
274	115	68	20	4
275	60	51	50	4
276	65	49	48	4
277	60	54	47	1
278	102	74	20	6
279	96	74	21	2
280	60	54	46	4
281	68	59	37	5
282	104	62	23	4
283	91	50	32	4
284	84	48	36	4
285	95	49	31	3
286	80	53	34	3
287	102	56	25	4
288	94	43	35	5
289	80	52	34	4
290	86	53	31	4
291	63	59	38	6
292	74	45	42	8
293	90	44	35	2
294	75	48	38	3
295	80	55	31	3
296	90	60	25	3
297	70	53	36	7
298	69	45	43	6
299	100	58	23	5
300	60	49	45	4
301	83	59	27	2
302	115	44	26	3
303	58	49	46	2
304	88	66	22	5
305	76	42	40	3
306	114	43	26	5
307	72	45	39	6
308	76	55	30	5
309	119	39	27	3
310	87	45	32	6
311	71	67	26	2
312	114	54	20	4
313	75	60	27	6
314	93	42	31	3
315	82	49	30	4
316	71	47	36	10
317	86	48	29	8
318	61	53	37	2
319	66	43	42	4
320	82	44	33	10
321	97	55	22	4
322	81	41	35	7
323	67	48	36	8
324	78	39	38	4
325	75	44	35	2
326	77	62	24	2
327	66	66	26	4
328	95	35	33	1
329	66	54	30	2
330	53	52	38	5
331	105	32	31	8
332	91	40	28	1
333	67	39	39	10
334	67	55	27	8
335	73	40	34	4
336	72	41	33	5
337	78	40	31	2
338	104	34	27	5
339	60	44	36	5
340	84	37	30	5
341	50	45	41	4
342	54	53	32	5
343	55	43	38	2
344	57	54	29	2
345	75	39	30	6
346	55	48	33	7
347	91	33	29	3
348	93	36	26	5
349	69	60	21	6
350	48	46	39	5
351	54	53	30	7
352	73	45	26	4
353	52	42	39	3
354	64	53	25	4
355	76	48	23	7
356	97	31	27	7
357	72	34	33	3
358	73	46	24	5
359	98	30	27	6
360	48	41	40	3
361	61	58	22	1
362	84	37	25	5
363	62	52	24	2
364	62	40	31	2
365	63	53	23	5
366	63	38	32	4
367	95	40	20	4
368	48	42	37	2
369	85	30	29	6
370	46	43	37	4
371	67	47	23	4
372	71	36	28	2
373	55	50	26	8
374	77	42	22	10
375	49	38	37	5
376	52	42	31	5
377	43	42	36	2
378	73	33	26	3
379	64	39	25	1
380	55	38	29	7
381	62	36	26	3
382	49	44	26	3
383	53	34	31	2
384	48	35	33	6
385	60	30	30	8
386	74	34	21	5
387	56	32	28	5
388	62	30	26	6
389	56	40	20	3
390	44	37	27	5
391	38	37	31	4
392	47	34	26	4
393	65	30	21	2
394	47	32	26	8
395	39	33	30	5
396	48	31	25	4
397	36	30	30	3
398	40	37	20	4
399	37	30	25	2
