Mack/Bortfeldt(2008)
Bin-Packing-Problem
BP-RG/SBSBPP/SSSCSP
Testcase-ID	6
Problem-ID	106
no_item_types	600
no_items	2010
CONTAINER_DATA (l,w,h)	459	105	93
ITEMS_DATA:
Type	x	y	z	no_items
1	118	94	76	4
2	107	95	80	2
3	114	97	71	3
4	113	87	79	6
5	115	88	70	4
6	114	87	71	2
7	104	94	72	3
8	119	93	63	4
9	115	94	64	2
10	106	99	65	3
11	112	79	76	3
12	114	94	61	3
13	105	80	77	5
14	93	89	78	2
15	114	84	67	6
16	106	84	72	5
17	108	80	74	3
18	113	87	65	2
19	101	92	67	2
20	91	85	80	1
21	100	85	71	2
22	97	79	78	2
23	104	99	58	2
24	99	78	77	4
25	99	82	73	4
26	93	86	73	5
27	109	85	62	6
28	95	80	75	2
29	115	81	61	5
30	97	88	66	1
31	119	80	59	2
32	114	71	69	4
33	100	78	70	5
34	112	77	63	4
35	115	72	65	1
36	86	85	72	2
37	112	72	64	4
38	81	80	79	2
39	98	80	65	4
40	83	78	78	2
41	99	85	60	5
42	83	80	76	3
43	92	88	62	6
44	82	80	76	1
45	83	79	76	4
46	106	70	67	4
47	100	77	64	4
48	85	76	75	5
49	111	68	62	1
50	113	81	51	4
51	81	80	72	2
52	92	77	64	2
53	85	83	63	2
54	102	87	50	5
55	109	78	52	3
56	100	82	53	4
57	89	75	65	3
58	91	76	62	4
59	112	72	53	1
60	98	66	66	5
61	101	68	62	4
62	94	73	62	4
63	88	83	58	4
64	108	100	39	2
65	81	78	66	3
66	98	94	45	4
67	85	84	58	5
68	119	77	45	5
69	117	78	45	5
70	94	76	57	6
71	101	66	61	3
72	104	75	52	3
73	100	66	61	5
74	107	78	48	3
75	86	75	62	3
76	96	83	50	3
77	85	76	61	3
78	95	74	56	3
79	112	76	46	2
80	107	69	53	3
81	105	81	46	3
82	77	77	65	8
83	108	62	57	5
84	85	69	65	4
85	88	71	61	2
86	94	67	60	3
87	94	90	44	5
88	120	70	44	2
89	78	74	64	4
90	118	89	35	2
91	87	67	63	3
92	119	58	53	5
93	98	68	54	1
94	98	77	47	3
95	109	66	49	1
96	95	74	50	5
97	112	95	33	4
98	98	70	51	4
99	90	79	49	3
100	107	57	57	1
101	78	73	61	5
102	97	73	49	2
103	91	69	55	4
104	79	79	55	6
105	87	82	48	1
106	79	76	57	2
107	119	63	45	6
108	99	70	48	3
109	93	89	40	1
110	111	57	52	2
111	80	79	52	2
112	91	80	45	3
113	78	72	58	4
114	94	69	50	2
115	108	79	38	5
116	77	75	56	3
117	92	65	54	2
118	101	57	56	4
119	115	87	32	3
120	86	79	47	1
121	95	71	47	1
122	76	67	62	3
123	77	66	62	4
124	86	73	50	2
125	120	54	48	6
126	90	84	41	1
127	83	62	60	5
128	82	80	47	5
129	91	77	44	4
130	108	77	37	2
131	100	73	42	5
132	84	64	57	2
133	90	79	43	4
134	93	73	45	7
135	96	69	46	2
136	78	64	61	2
137	104	94	31	5
138	102	69	43	4
139	100	56	54	2
140	89	64	53	3
141	107	74	38	5
142	69	68	64	5
143	81	80	46	1
144	109	91	30	4
145	100	69	43	4
146	101	91	32	4
147	94	65	48	4
148	93	70	45	2
149	78	67	56	1
150	77	76	50	3
151	86	64	53	2
152	89	61	53	3
153	115	78	32	4
154	88	59	55	1
155	113	56	45	6
156	95	81	37	5
157	83	62	55	2
158	89	85	37	3
159	92	69	44	6
160	116	60	40	2
161	76	73	50	1
162	119	63	37	2
163	71	66	59	4
164	89	62	50	3
165	74	73	51	4
166	78	63	56	3
167	106	76	34	2
168	116	67	35	2
169	77	72	49	2
170	79	59	58	3
171	85	75	42	2
172	115	70	33	2
173	114	83	28	5
174	119	79	28	2
175	100	94	28	2
176	111	79	30	1
177	74	71	50	4
178	95	61	45	3
179	80	65	50	5
180	90	82	35	2
181	100	86	30	4
182	73	72	49	3
183	77	68	49	4
184	109	63	37	5
185	75	72	47	4
186	97	67	39	3
187	73	65	53	3
188	87	67	43	4
189	88	58	49	3
190	100	64	39	1
191	86	63	46	7
192	97	61	42	3
193	115	90	24	2
194	85	73	40	5
195	77	67	48	3
196	91	60	45	4
197	107	56	41	4
198	114	50	43	7
199	102	75	32	5
200	73	62	54	4
201	77	72	44	6
202	99	56	44	3
203	79	59	52	2
204	80	72	42	6
205	95	67	38	6
206	82	64	46	4
207	99	76	32	3
208	117	51	40	5
209	85	68	41	4
210	68	61	57	3
211	90	61	43	3
212	84	78	36	3
213	73	63	51	5
214	88	72	37	5
215	103	65	35	2
216	80	61	48	2
217	84	75	37	5
218	84	84	33	3
219	90	63	41	3
220	77	67	45	2
221	93	78	32	4
222	89	79	33	2
223	116	54	37	2
224	89	54	48	1
225	82	72	39	3
226	85	71	38	3
227	94	54	45	2
228	68	63	53	3
229	82	54	51	2
230	66	60	57	2
231	98	56	41	7
232	92	62	39	3
233	108	49	42	3
234	101	56	39	1
235	70	70	45	3
236	116	86	22	7
237	63	59	59	4
238	99	79	28	4
239	87	54	46	1
240	83	51	51	1
241	111	67	29	2
242	96	72	31	6
243	110	69	28	6
244	69	57	54	4
245	80	68	39	3
246	120	63	28	9
247	119	61	29	2
248	95	65	34	3
249	76	60	46	2
250	105	71	28	2
251	72	69	42	3
252	76	61	45	5
253	83	62	40	6
254	71	63	46	5
255	82	76	33	6
256	81	54	47	6
257	80	62	41	4
258	81	57	44	4
259	107	59	32	3
260	115	70	25	4
261	77	62	42	2
262	74	54	50	5
263	101	73	27	5
264	79	76	33	3
265	99	74	27	6
266	84	50	47	3
267	108	67	27	1
268	62	57	55	3
269	93	55	38	6
270	76	75	34	4
271	93	61	34	2
272	105	70	26	4
273	72	66	40	4
274	66	54	53	5
275	69	62	44	5
276	80	50	47	3
277	98	58	33	4
278	97	55	35	2
279	104	46	39	4
280	71	64	41	2
281	76	70	35	5
282	95	93	21	1
283	98	70	27	3
284	78	59	40	2
285	100	92	20	1
286	68	54	50	2
287	95	74	26	4
288	92	46	43	3
289	91	54	37	3
290	76	52	46	1
291	66	56	49	4
292	73	59	42	6
293	74	52	47	2
294	92	70	28	2
295	80	75	30	1
296	82	78	28	1
297	69	60	43	1
298	69	56	46	2
299	105	47	36	8
300	72	51	48	4
301	75	60	39	3
302	90	67	29	4
303	85	82	25	5
304	114	61	25	3
305	105	57	29	2
306	85	58	35	1
307	87	45	44	4
308	108	55	29	2
309	91	57	33	1
310	93	68	27	4
311	97	44	40	5
312	84	70	29	3
313	72	64	37	4
314	92	84	22	5
315	92	66	28	2
316	93	57	32	2
317	83	58	35	7
318	78	49	44	3
319	75	56	40	4
320	62	53	51	4
321	79	53	40	4
322	64	62	42	2
323	104	64	25	1
324	90	51	36	3
325	65	54	47	5
326	82	59	34	2
327	76	60	36	3
328	115	62	23	5
329	101	77	21	5
330	58	55	51	1
331	77	64	33	4
332	93	46	38	3
333	100	60	27	3
334	90	62	29	7
335	69	65	36	4
336	92	45	39	4
337	107	52	29	2
338	80	53	38	6
339	108	51	29	2
340	57	56	50	4
341	93	66	26	7
342	69	66	35	4
343	111	62	23	6
344	76	67	31	2
345	119	51	26	4
346	95	46	36	2
347	100	40	39	3
348	89	70	25	2
349	99	68	23	3
350	90	43	40	3
351	88	45	39	2
352	89	51	34	3
353	103	45	33	2
354	87	45	39	1
355	93	42	39	3
356	115	49	27	2
357	106	41	35	2
358	66	64	36	3
359	77	58	34	7
360	82	77	24	2
361	80	63	30	1
362	95	72	22	3
363	62	55	44	3
364	98	45	34	5
365	81	44	42	2
366	53	53	53	5
367	66	50	45	5
368	103	43	33	1
369	94	47	33	6
370	74	50	39	8
371	92	68	23	2
372	76	46	41	5
373	72	64	31	2
374	75	56	34	6
375	85	43	39	5
376	74	64	30	3
377	94	58	26	1
378	111	51	25	2
379	68	52	40	2
380	99	51	28	4
381	62	53	43	2
382	111	47	27	3
383	64	50	44	2
384	80	53	33	2
385	69	46	44	8
386	93	60	25	3
387	79	55	32	3
388	74	55	34	2
389	73	61	31	1
390	54	53	48	4
391	57	56	43	1
392	79	62	28	3
393	117	45	26	2
394	64	61	35	3
395	66	46	45	3
396	94	44	33	5
397	58	49	48	3
398	58	58	40	2
399	82	51	32	4
400	93	41	35	3
401	61	56	39	2
402	99	42	32	3
403	69	47	41	2
404	57	53	44	6
405	82	54	30	5
406	75	52	34	3
407	74	54	33	5
408	94	50	28	2
409	90	56	26	3
410	63	59	35	2
411	84	44	35	3
412	55	52	45	1
413	100	39	33	1
414	68	54	35	2
415	70	68	27	3
416	119	40	27	4
417	96	38	35	1
418	65	50	39	4
419	96	66	20	5
420	64	46	43	6
421	54	52	45	5
422	74	50	34	3
423	90	41	34	6
424	98	42	30	2
425	56	51	43	4
426	83	51	29	4
427	73	64	26	4
428	73	52	32	4
429	94	43	30	3
430	67	43	42	4
431	66	59	31	6
432	65	56	33	5
433	62	45	43	5
434	95	42	30	3
435	82	58	25	2
436	108	44	25	4
437	97	37	33	2
438	100	37	32	2
439	78	41	37	3
440	84	40	35	4
441	73	47	34	5
442	64	55	33	6
443	97	35	34	3
444	61	46	41	3
445	102	40	28	2
446	111	49	21	2
447	70	44	37	3
448	70	56	29	3
449	59	48	40	4
450	78	44	33	3
451	56	48	42	3
452	80	61	23	2
453	108	49	21	3
454	107	45	23	3
455	79	40	35	3
456	75	61	24	1
457	57	55	35	1
458	74	39	38	3
459	95	48	24	1
460	79	69	20	1
461	108	42	24	4
462	66	47	35	5
463	57	56	34	2
464	79	57	24	6
465	72	50	30	3
466	112	48	20	2
467	78	65	21	4
468	63	56	30	4
469	79	43	31	1
470	55	49	39	1
471	50	50	42	1
472	61	52	33	2
473	89	45	26	4
474	57	48	38	4
475	65	59	27	6
476	71	56	26	2
477	66	62	25	2
478	90	42	27	1
479	70	52	28	3
480	55	44	42	3
481	78	62	21	4
482	65	52	30	4
483	54	49	38	3
484	70	55	26	2
485	115	30	29	4
486	58	44	39	3
487	72	46	30	3
488	68	44	33	5
489	70	47	30	1
490	109	36	25	2
491	82	36	33	4
492	47	47	44	2
493	98	38	26	6
494	77	48	26	2
495	51	47	40	3
496	93	38	27	4
497	54	49	36	3
498	48	47	42	5
499	88	43	25	4
500	94	40	25	3
501	57	53	31	2
502	115	29	28	1
503	109	31	27	2
504	62	52	28	4
505	69	45	29	3
506	69	48	27	5
507	74	38	31	4
508	73	36	33	4
509	48	45	40	5
510	54	47	34	4
511	81	39	27	6
512	71	46	26	2
513	53	47	34	2
514	73	40	29	1
515	71	35	34	4
516	72	51	23	3
517	55	41	37	5
518	79	33	32	5
519	90	37	25	3
520	86	36	26	4
521	52	41	37	3
522	77	33	31	3
523	69	38	30	2
524	70	34	33	7
525	54	50	29	4
526	78	37	27	2
527	49	44	36	9
528	53	40	36	3
529	93	32	25	4
530	58	40	32	1
531	45	44	37	4
532	86	34	25	3
533	54	42	31	2
534	57	56	22	1
535	64	33	33	2
536	107	31	21	3
537	46	42	36	3
538	55	36	35	5
539	45	40	38	5
540	54	46	27	4
541	73	35	26	1
542	69	32	30	2
543	62	34	31	2
544	52	40	31	5
545	62	40	26	2
546	58	46	24	1
547	59	36	30	3
548	46	39	35	5
549	45	42	33	3
550	102	29	21	3
551	52	38	31	2
552	48	47	27	4
553	46	42	31	5
554	46	39	33	4
555	87	28	24	4
556	116	25	20	4
557	74	39	20	1
558	64	32	28	1
559	65	30	29	5
560	88	32	20	6
561	58	46	21	3
562	43	37	35	6
563	55	42	24	4
564	60	44	21	5
565	58	43	22	4
566	49	36	31	7
567	52	52	20	3
568	45	37	32	3
569	78	32	21	3
570	47	33	33	3
571	48	42	25	3
572	61	37	22	3
573	80	31	20	5
574	61	32	25	2
575	81	26	23	5
576	72	33	20	1
577	54	32	27	5
578	86	27	20	8
579	53	35	25	5
580	59	30	26	4
581	61	29	25	2
582	37	36	33	3
583	56	31	25	5
584	51	34	25	2
585	58	31	24	8
586	60	35	20	5
587	60	33	21	5
588	42	31	31	4
589	80	25	20	3
590	52	37	20	3
591	50	35	21	1
592	40	31	29	3
593	55	30	21	2
594	38	31	27	1
595	37	31	26	1
596	35	29	28	2
597	38	33	22	1
598	35	32	23	3
599	37	30	23	5
600	36	28	24	3
