Mack/Bortfeldt(2008)
Bin-Packing-Problem
BP-RG/SBSBPP/SSSCSP
Testcase-ID	6
Problem-ID	132
no_item_types	895
no_items	1863
CONTAINER_DATA (l,w,h)	459	105	93
ITEMS_DATA:
Type	x	y	z	no_items
1	118	100	75	1
2	114	95	79	2
3	120	89	77	2
4	113	90	80	2
5	113	100	72	2
6	105	99	77	1
7	115	96	71	1
8	118	88	73	1
9	118	89	71	2
10	119	79	79	1
11	108	97	70	2
12	113	83	76	2
13	100	90	79	4
14	99	90	78	1
15	111	81	77	2
16	115	78	77	2
17	108	86	74	2
18	98	94	74	1
19	120	92	61	2
20	103	97	67	3
21	111	90	67	4
22	114	82	71	3
23	99	98	68	1
24	111	86	69	1
25	100	87	74	4
26	112	97	59	1
27	104	81	75	1
28	100	81	78	3
29	93	89	76	2
30	119	81	65	2
31	97	88	72	2
32	120	80	64	2
33	99	84	73	2
34	101	91	66	4
35	111	80	68	3
36	92	89	73	3
37	112	82	65	1
38	116	79	65	1
39	99	97	62	1
40	88	88	76	2
41	115	85	60	2
42	100	96	61	1
43	99	82	72	2
44	114	93	55	3
45	99	89	66	1
46	109	73	73	4
47	98	79	75	3
48	110	74	71	1
49	107	77	70	1
50	100	83	69	1
51	109	89	59	2
52	115	72	69	3
53	96	80	74	2
54	117	79	61	4
55	118	71	67	2
56	111	93	54	2
57	103	79	68	3
58	119	76	61	2
59	93	80	74	3
60	115	92	52	1
61	87	79	79	2
62	102	78	68	1
63	111	90	54	1
64	116	69	67	1
65	102	99	53	3
66	114	78	60	2
67	111	97	49	2
68	104	80	63	3
69	102	95	54	1
70	114	90	51	1
71	95	80	67	3
72	91	87	64	2
73	106	80	59	2
74	97	72	71	2
75	106	74	63	2
76	93	90	59	1
77	97	77	66	3
78	95	84	61	1
79	105	71	65	2
80	89	77	70	1
81	99	88	55	2
82	116	70	59	2
83	82	81	72	1
84	113	78	54	1
85	96	75	66	4
86	91	79	66	2
87	98	93	52	1
88	95	75	66	4
89	117	73	55	2
90	108	69	63	5
91	93	84	60	3
92	105	70	63	2
93	89	85	61	1
94	91	79	64	2
95	86	78	68	1
96	80	78	73	2
97	83	83	66	2
98	99	68	67	2
99	99	71	64	2
100	100	77	58	1
101	104	69	62	2
102	83	80	67	2
103	77	76	76	3
104	89	79	63	2
105	82	75	72	3
106	119	64	58	3
107	94	70	67	1
108	90	74	66	2
109	98	80	56	2
110	95	71	65	2
111	116	66	57	3
112	118	97	38	3
113	95	80	57	2
114	88	72	68	2
115	110	100	39	2
116	82	78	67	1
117	79	76	71	1
118	96	87	51	2
119	118	75	48	1
120	82	77	67	2
121	76	75	74	1
122	94	72	62	3
123	104	64	63	3
124	104	72	56	1
125	94	91	49	3
126	82	74	69	2
127	93	68	66	2
128	77	75	72	1
129	113	75	49	4
130	99	79	53	1
131	93	73	61	4
132	100	72	56	3
133	91	67	66	2
134	98	73	56	3
135	108	65	57	1
136	112	70	51	4
137	86	83	56	2
138	96	83	50	3
139	79	72	70	4
140	95	71	59	3
141	114	61	57	1
142	80	77	64	1
143	107	61	60	3
144	106	82	45	2
145	84	76	61	3
146	113	65	53	2
147	91	79	54	2
148	120	92	35	2
149	90	78	55	3
150	87	87	51	2
151	106	65	56	2
152	81	69	69	1
153	87	71	62	2
154	108	60	59	2
155	118	60	54	2
156	117	99	33	1
157	108	62	57	3
158	89	67	64	4
159	99	80	48	3
160	95	70	57	1
161	94	77	52	1
162	102	67	55	3
163	116	81	40	3
164	117	73	44	4
165	101	93	40	2
166	107	90	39	1
167	97	73	53	4
168	96	77	50	2
169	78	74	64	3
170	93	81	49	2
171	87	80	53	2
172	92	69	58	2
173	98	67	56	1
174	118	66	47	1
175	85	66	65	2
176	74	72	68	2
177	76	72	66	2
178	120	79	38	2
179	78	71	65	1
180	91	81	48	2
181	78	73	62	1
182	104	64	53	1
183	72	71	69	2
184	79	73	61	1
185	101	77	45	2
186	108	90	36	1
187	90	67	58	1
188	94	79	47	2
189	120	58	50	1
190	109	76	42	4
191	83	71	59	2
192	107	77	42	2
193	111	76	41	2
194	77	76	59	3
195	87	73	54	2
196	113	74	41	2
197	85	67	60	2
198	90	69	55	1
199	106	70	46	1
200	117	54	54	1
201	104	58	56	2
202	108	74	42	3
203	94	83	43	4
204	108	72	43	4
205	84	78	51	3
206	78	68	63	3
207	79	66	64	5
208	88	88	43	1
209	92	86	42	3
210	87	72	53	2
211	104	72	44	2
212	98	60	56	2
213	74	74	60	1
214	90	64	57	2
215	92	81	44	3
216	119	55	50	5
217	95	84	41	1
218	94	60	58	3
219	103	72	44	2
220	118	69	40	2
221	119	57	48	1
222	113	72	40	1
223	107	69	44	2
224	116	65	43	4
225	90	60	60	3
226	82	79	50	2
227	105	79	39	5
228	82	70	56	4
229	103	82	38	4
230	86	76	49	1
231	82	64	61	2
232	106	86	35	3
233	101	75	42	1
234	89	70	51	3
235	92	80	43	4
236	81	79	49	2
237	112	64	43	1
238	73	68	62	3
239	76	65	62	2
240	79	68	57	2
241	99	70	44	2
242	91	76	44	2
243	76	69	58	2
244	105	67	43	1
245	76	71	56	2
246	94	73	44	1
247	92	91	36	1
248	74	69	59	2
249	99	62	49	1
250	98	71	43	4
251	108	83	33	1
252	97	76	40	4
253	101	57	51	2
254	93	77	41	2
255	71	70	59	4
256	120	66	37	3
257	104	74	38	3
258	70	68	61	1
259	89	65	50	3
260	120	80	30	2
261	118	58	42	2
262	87	66	50	3
263	90	74	43	1
264	100	54	53	2
265	95	70	43	1
266	72	64	62	2
267	78	69	53	1
268	74	63	61	3
269	93	71	43	2
270	103	67	41	1
271	83	63	54	2
272	83	79	43	2
273	107	85	31	1
274	86	63	52	1
275	70	67	60	1
276	98	87	33	2
277	87	61	53	1
278	120	60	39	2
279	108	70	37	1
280	81	69	50	2
281	80	61	57	1
282	95	65	45	1
283	99	62	45	3
284	81	62	55	1
285	73	70	54	1
286	116	99	24	3
287	74	73	51	2
288	89	58	53	1
289	116	84	28	2
290	102	89	30	2
291	113	89	27	3
292	69	69	57	3
293	80	65	52	1
294	90	77	39	2
295	117	49	47	1
296	101	86	31	1
297	98	67	41	1
298	80	70	48	3
299	71	63	60	1
300	84	59	54	2
301	85	64	49	3
302	87	71	43	3
303	75	62	57	1
304	97	65	42	1
305	104	94	27	2
306	78	69	49	5
307	102	55	47	1
308	111	95	25	3
309	71	70	53	1
310	91	59	49	2
311	80	62	53	2
312	85	63	49	1
313	65	65	62	2
314	88	85	35	5
315	117	72	31	2
316	114	52	44	2
317	83	57	55	3
318	95	72	38	1
319	70	64	58	2
320	78	64	52	2
321	107	55	44	2
322	82	77	41	2
323	83	74	42	2
324	106	81	30	4
325	86	68	44	1
326	113	69	33	3
327	94	57	48	2
328	72	70	51	2
329	77	71	47	1
330	68	64	59	3
331	76	66	51	2
332	102	66	38	3
333	98	59	44	1
334	74	66	52	3
335	83	71	43	2
336	78	69	47	1
337	89	66	43	4
338	99	51	50	4
339	91	77	36	3
340	100	51	49	2
341	90	75	37	1
342	90	73	38	2
343	80	74	42	2
344	72	69	50	5
345	86	78	37	2
346	95	52	50	3
347	94	71	37	4
348	90	70	39	2
349	99	62	40	1
350	93	66	40	4
351	71	64	54	2
352	96	91	28	1
353	80	71	43	1
354	88	63	44	1
355	83	65	45	2
356	75	66	49	3
357	101	57	42	4
358	88	74	37	2
359	100	73	33	1
360	96	57	44	2
361	72	71	47	1
362	84	65	44	2
363	101	54	44	2
364	93	78	33	2
365	92	76	34	1
366	82	69	42	3
367	88	54	50	4
368	97	94	26	2
369	89	68	39	2
370	91	68	38	2
371	119	58	34	3
372	83	64	44	2
373	75	66	47	2
374	98	91	26	3
375	91	67	38	1
376	108	65	33	3
377	116	83	24	1
378	80	72	40	3
379	116	55	36	2
380	102	64	35	2
381	81	74	38	1
382	69	66	50	1
383	74	64	48	4
384	108	75	28	5
385	119	76	25	5
386	91	80	31	1
387	119	59	32	2
388	99	63	36	5
389	112	87	23	1
390	83	75	36	2
391	79	59	48	3
392	95	67	35	1
393	77	59	49	2
394	104	59	36	3
395	92	51	47	2
396	73	58	52	2
397	92	77	31	3
398	100	61	36	3
399	109	53	38	3
400	68	62	52	5
401	77	58	49	2
402	88	69	36	3
403	81	69	39	3
404	112	54	36	2
405	106	51	40	3
406	92	51	46	1
407	68	66	48	4
408	100	58	37	1
409	91	60	39	2
410	99	65	33	1
411	98	57	38	3
412	90	62	38	2
413	110	47	41	4
414	107	66	30	1
415	92	62	37	2
416	107	73	27	1
417	76	73	38	1
418	97	83	26	1
419	114	68	27	2
420	109	48	40	2
421	80	58	45	4
422	112	69	27	4
423	73	57	50	1
424	77	54	50	4
425	111	55	34	1
426	79	57	46	1
427	91	65	35	2
428	78	52	51	4
429	96	65	33	3
430	99	67	31	2
431	84	61	40	2
432	115	71	25	2
433	113	45	40	1
434	94	49	44	1
435	95	79	27	2
436	74	57	48	1
437	85	58	41	2
438	78	55	47	2
439	77	58	45	1
440	97	53	39	3
441	98	60	34	2
442	106	57	33	2
443	99	61	33	1
444	67	63	47	1
445	114	60	29	1
446	81	61	40	2
447	103	91	21	2
448	84	71	33	4
449	120	42	39	6
450	91	72	30	1
451	83	74	32	2
452	119	61	27	1
453	114	45	38	2
454	113	66	26	2
455	102	54	35	2
456	107	75	24	1
457	114	51	33	2
458	71	60	45	1
459	103	64	29	1
460	72	63	42	4
461	116	41	40	3
462	107	71	25	1
463	99	58	33	1
464	75	63	40	1
465	82	49	47	1
466	78	59	41	1
467	71	59	45	1
468	76	67	37	2
469	93	47	43	1
470	85	67	33	3
471	108	60	29	1
472	71	64	41	1
473	80	58	40	3
474	90	76	27	2
475	94	49	40	3
476	66	62	45	2
477	78	62	38	1
478	84	84	26	2
479	98	55	34	1
480	67	65	42	1
481	94	54	36	2
482	117	78	20	2
483	101	72	25	3
484	80	54	42	1
485	120	47	32	3
486	62	57	51	1
487	99	70	26	2
488	79	69	33	1
489	76	55	43	3
490	72	58	43	4
491	74	55	44	1
492	95	65	29	3
493	72	71	35	1
494	66	53	51	1
495	74	56	43	1
496	83	65	33	2
497	70	54	47	1
498	84	64	33	3
499	97	87	21	2
500	100	59	30	1
501	79	70	32	1
502	100	61	29	3
503	68	54	48	4
504	96	59	31	3
505	108	45	36	3
506	70	53	47	1
507	84	74	28	2
508	97	69	26	3
509	101	43	40	1
510	73	72	33	3
511	74	65	36	4
512	72	65	37	1
513	101	81	21	1
514	79	53	41	1
515	104	55	30	1
516	84	58	35	1
517	76	59	38	1
518	103	59	28	2
519	98	62	28	2
520	90	54	35	1
521	67	59	43	1
522	82	74	28	2
523	77	71	31	2
524	80	66	32	2
525	81	63	33	1
526	82	54	38	1
527	87	46	42	1
528	115	54	27	3
529	104	67	24	1
530	106	63	25	1
531	93	46	39	3
532	68	57	43	2
533	77	54	40	2
534	94	52	34	4
535	104	47	34	5
536	88	59	32	4
537	107	47	33	3
538	69	65	37	2
539	94	88	20	2
540	73	58	39	3
541	62	59	45	2
542	80	54	38	2
543	86	56	34	1
544	91	69	26	2
545	57	54	53	3
546	74	71	31	3
547	105	47	33	1
548	100	44	37	4
549	87	85	22	3
550	70	58	40	1
551	92	84	21	2
552	104	60	26	3
553	92	44	40	1
554	71	53	43	1
555	79	55	37	2
556	60	57	47	2
557	106	56	27	4
558	110	47	31	3
559	63	62	41	2
560	60	53	50	1
561	93	68	25	2
562	78	47	43	1
563	74	53	40	1
564	84	64	29	1
565	73	52	41	3
566	65	57	42	3
567	76	66	31	1
568	79	53	37	1
569	96	62	26	1
570	66	65	36	3
571	55	55	51	2
572	106	58	25	1
573	59	59	44	3
574	95	70	23	1
575	88	51	34	3
576	89	55	31	2
577	66	56	41	1
578	59	53	48	2
579	90	46	36	2
580	96	47	33	4
581	90	57	29	1
582	98	66	23	2
583	109	47	29	1
584	104	51	28	1
585	80	43	43	3
586	79	52	36	2
587	64	49	47	3
588	75	49	40	4
589	120	35	35	1
590	95	44	35	3
591	73	50	40	1
592	79	44	42	5
593	62	49	48	3
594	112	52	25	2
595	118	56	22	1
596	84	69	25	1
597	70	47	44	4
598	81	66	27	3
599	118	47	26	1
600	88	63	26	4
601	76	45	42	2
602	70	50	41	5
603	61	50	47	1
604	73	49	40	1
605	70	60	34	2
606	117	61	20	2
607	87	41	40	3
608	97	49	30	1
609	59	51	47	1
610	79	54	33	4
611	68	59	35	1
612	100	52	27	2
613	98	55	26	2
614	73	71	27	3
615	69	46	44	2
616	75	49	38	2
617	94	53	28	2
618	109	53	24	1
619	85	65	25	3
620	83	52	32	3
621	100	46	30	2
622	81	65	26	1
623	61	51	44	2
624	56	53	46	3
625	81	58	29	1
626	100	41	33	2
627	89	56	27	3
628	64	60	35	4
629	71	61	31	3
630	77	60	29	1
631	78	52	33	3
632	107	39	32	1
633	97	43	32	3
634	76	50	35	2
635	95	50	28	2
636	85	78	20	1
637	109	45	27	1
638	72	51	36	2
639	100	44	30	3
640	69	68	28	2
641	96	57	24	1
642	75	46	38	2
643	65	53	38	1
644	95	55	25	2
645	75	47	37	2
646	111	39	30	1
647	87	62	24	3
648	74	53	33	1
649	66	63	31	1
650	75	52	33	1
651	68	61	31	2
652	82	49	32	3
653	80	43	37	2
654	94	45	30	2
655	72	45	39	1
656	114	41	27	1
657	75	48	35	1
658	116	40	27	1
659	75	45	37	2
660	65	58	33	2
661	74	67	25	2
662	75	55	30	3
663	72	52	33	3
664	71	58	30	1
665	72	49	35	1
666	99	43	29	1
667	120	39	26	3
668	80	39	39	3
669	82	41	36	4
670	89	56	24	1
671	85	67	21	1
672	71	43	39	1
673	80	45	33	1
674	78	46	33	2
675	86	43	32	1
676	61	45	43	1
677	84	52	27	2
678	86	38	36	1
679	80	42	35	3
680	71	46	36	2
681	72	48	34	1
682	62	61	31	1
683	58	53	38	2
684	75	43	36	2
685	83	45	31	1
686	74	71	22	1
687	98	38	31	2
688	67	42	41	2
689	70	42	39	1
690	63	52	35	2
691	52	51	43	2
692	83	44	31	1
693	85	39	34	1
694	72	42	37	2
695	53	49	43	1
696	67	46	36	3
697	86	56	23	1
698	88	38	33	6
699	109	46	22	4
700	77	53	27	1
701	52	47	45	2
702	93	47	25	1
703	97	36	31	1
704	72	50	30	3
705	54	50	40	2
706	57	51	37	3
707	103	36	29	3
708	64	54	31	1
709	90	36	33	1
710	82	50	26	2
711	71	60	25	2
712	95	35	32	1
713	76	50	28	1
714	68	50	31	1
715	75	41	34	3
716	56	53	35	2
717	65	53	30	1
718	114	31	29	3
719	70	43	34	3
720	110	32	29	3
721	68	48	31	1
722	78	54	24	2
723	74	47	29	3
724	79	44	29	1
725	100	42	24	3
726	109	42	22	1
727	58	56	31	1
728	94	51	21	4
729	61	41	40	2
730	70	51	28	1
731	58	49	35	2
732	73	42	32	3
733	63	62	25	1
734	89	39	28	3
735	77	45	28	4
736	114	37	23	1
737	100	46	21	2
738	100	48	20	2
739	115	32	26	3
740	80	35	34	2
741	102	31	30	2
742	94	40	25	4
743	101	31	30	1
744	52	43	42	1
745	71	41	32	3
746	95	35	28	1
747	78	54	22	2
748	82	49	23	3
749	93	33	30	2
750	58	51	31	2
751	57	40	40	3
752	106	39	22	1
753	63	45	32	1
754	96	35	27	4
755	68	53	25	1
756	68	63	21	4
757	58	50	31	3
758	86	36	29	2
759	69	65	20	4
760	65	55	25	2
761	80	36	31	5
762	80	53	21	2
763	60	57	26	3
764	61	47	31	1
765	87	34	30	1
766	81	42	26	2
767	65	40	34	2
768	57	53	29	2
769	105	32	26	3
770	64	62	22	3
771	67	42	31	2
772	77	45	25	3
773	55	45	35	1
774	77	34	33	4
775	70	41	30	3
776	61	44	32	3
777	75	38	30	1
778	72	37	32	1
779	65	57	23	6
780	99	43	20	2
781	56	41	37	3
782	95	33	27	4
783	74	38	30	1
784	60	39	36	2
785	91	33	28	2
786	116	36	20	1
787	64	36	36	1
788	85	39	25	3
789	62	43	31	2
790	66	39	32	2
791	78	34	31	1
792	44	44	42	5
793	59	53	26	2
794	109	31	24	2
795	84	37	26	1
796	46	45	39	1
797	66	37	33	2
798	49	41	40	1
799	72	36	31	1
800	99	30	27	4
801	54	41	36	1
802	51	40	39	2
803	82	46	21	2
804	101	29	27	1
805	58	43	31	2
806	71	35	31	2
807	118	26	25	1
808	63	38	32	1
809	53	40	36	1
810	53	48	30	3
811	63	40	30	1
812	64	49	24	1
813	74	35	29	2
814	70	50	21	1
815	66	48	23	1
816	56	52	25	2
817	56	50	26	2
818	51	47	30	2
819	56	41	31	4
820	57	46	27	1
821	55	40	32	1
822	60	45	26	2
823	53	44	30	3
824	57	53	23	3
825	63	38	29	2
826	107	32	20	1
827	62	44	25	1
828	42	41	39	1
829	52	43	30	1
830	43	40	39	2
831	50	38	35	4
832	59	34	33	3
833	63	45	23	2
834	98	33	20	2
835	80	31	26	1
836	54	41	29	2
837	59	35	31	2
838	73	31	28	2
839	55	37	31	3
840	78	31	26	2
841	57	55	20	2
842	53	38	31	3
843	76	41	20	1
844	50	46	27	3
845	73	42	20	1
846	53	34	34	2
847	49	39	32	2
848	47	38	34	1
849	48	38	33	2
850	52	35	33	5
851	74	30	27	3
852	69	31	28	1
853	89	29	23	3
854	40	40	37	3
855	71	32	26	2
856	52	41	27	1
857	83	33	21	4
858	42	39	35	4
859	59	32	30	2
860	48	35	33	2
861	49	48	23	1
862	66	30	27	1
863	52	32	32	2
864	54	36	27	3
865	75	29	24	1
866	78	30	22	2
867	61	35	24	1
868	62	33	25	3
869	40	38	33	5
870	56	40	22	3
871	56	35	25	1
872	63	37	21	3
873	59	41	20	3
874	53	34	26	1
875	48	39	25	1
876	52	36	25	2
877	58	35	23	1
878	83	28	20	2
879	53	43	20	1
880	52	41	21	3
881	42	35	30	3
882	44	38	26	1
883	73	29	20	3
884	41	38	27	1
885	36	35	33	3
886	41	32	31	2
887	43	36	26	2
888	46	39	22	1
889	70	25	22	3
890	54	33	20	4
891	52	30	22	1
892	41	33	25	4
893	38	29	28	1
894	34	32	27	3
895	38	28	25	1
