Mack/Bortfeldt(2008)
Bin-Packing-Problem
BP-RG/SBSBPP/SSSCSP
Testcase-ID	8
Problem-ID	99
no_item_types	408
no_items	1335
CONTAINER_DATA (l,w,h)	587	233	1
ITEMS_DATA:
Type	x	y	z	no_items
1	59	49	1	3
2	56	50	1	3
3	58	48	1	2
4	57	47	1	4
5	53	48	1	1
6	59	43	1	4
7	51	49	1	6
8	59	41	1	3
9	52	45	1	5
10	50	45	1	2
11	57	39	1	3
12	60	37	1	3
13	48	46	1	2
14	55	40	1	5
15	47	46	1	3
16	54	40	1	2
17	50	43	1	7
18	54	39	1	4
19	52	40	1	3
20	53	39	1	3
21	54	38	1	5
22	56	36	1	1
23	49	41	1	6
24	48	41	1	3
25	49	40	1	4
26	56	35	1	1
27	54	36	1	5
28	55	35	1	2
29	53	36	1	2
30	46	41	1	3
31	49	38	1	3
32	58	32	1	2
33	50	36	1	3
34	46	39	1	4
35	56	32	1	4
36	59	30	1	3
37	52	34	1	2
38	49	36	1	3
39	44	40	1	5
40	46	38	1	4
41	51	34	1	3
42	57	30	1	5
43	55	31	1	3
44	47	36	1	3
45	41	41	1	5
46	48	35	1	4
47	44	38	1	7
48	50	33	1	2
49	53	31	1	1
50	42	39	1	8
51	48	34	1	4
52	49	33	1	3
53	41	39	1	4
54	54	29	1	4
55	40	39	1	3
56	52	30	1	3
57	41	38	1	3
58	42	37	1	3
59	45	34	1	4
60	51	30	1	1
61	47	32	1	1
62	50	30	1	4
63	45	33	1	4
64	57	26	1	5
65	41	36	1	3
66	59	25	1	3
67	46	32	1	3
68	54	27	1	3
69	44	33	1	3
70	48	30	1	6
71	40	36	1	6
72	42	34	1	4
73	46	31	1	3
74	49	29	1	1
75	47	30	1	9
76	44	32	1	5
77	38	37	1	2
78	40	35	1	5
79	42	33	1	3
80	43	32	1	4
81	49	28	1	1
82	57	24	1	3
83	38	36	1	3
84	57	24	1	2
85	44	31	1	4
86	45	30	1	5
87	48	28	1	3
88	46	29	1	4
89	43	31	1	3
90	37	36	1	4
91	39	34	1	6
92	55	24	1	3
93	40	33	1	5
94	47	28	1	3
95	41	32	1	5
96	45	29	1	4
97	42	31	1	4
98	37	35	1	3
99	38	34	1	5
100	44	29	1	6
101	49	26	1	4
102	36	35	1	3
103	45	28	1	4
104	37	34	1	4
105	38	33	1	4
106	50	25	1	4
107	39	32	1	1
108	40	31	1	3
109	56	22	1	4
110	35	35	1	4
111	36	34	1	3
112	37	33	1	3
113	42	29	1	1
114	38	32	1	4
115	43	28	1	2
116	48	25	1	2
117	57	21	1	2
118	52	23	1	2
119	35	34	1	1
120	37	32	1	7
121	56	21	1	3
122	51	23	1	3
123	39	30	1	2
124	48	24	1	1
125	54	21	1	1
126	39	29	1	3
127	49	23	1	4
128	34	33	1	2
129	36	31	1	4
130	52	21	1	2
131	39	28	1	4
132	42	26	1	2
133	47	23	1	5
134	43	25	1	3
135	41	26	1	3
136	38	28	1	2
137	56	19	1	4
138	38	28	1	5
139	48	22	1	8
140	39	27	1	3
141	42	25	1	5
142	49	21	1	3
143	38	27	1	1
144	33	31	1	4
145	39	26	1	3
146	44	23	1	3
147	46	22	1	5
148	36	28	1	4
149	42	24	1	4
150	59	17	1	3
151	50	20	1	4
152	32	31	1	2
153	33	30	1	1
154	58	17	1	6
155	49	20	1	2
156	39	25	1	1
157	54	18	1	4
158	44	22	1	6
159	42	23	1	1
160	37	26	1	1
161	48	20	1	3
162	60	16	1	4
163	38	25	1	2
164	43	22	1	3
165	45	21	1	2
166	59	16	1	2
167	41	23	1	3
168	47	20	1	3
169	39	24	1	4
170	49	19	1	5
171	31	30	1	2
172	32	29	1	4
173	58	16	1	5
174	32	29	1	3
175	37	25	1	2
176	44	21	1	1
177	40	23	1	1
178	35	26	1	3
179	43	21	1	3
180	36	25	1	5
181	31	29	1	3
182	39	23	1	2
183	47	19	1	1
184	33	27	1	3
185	52	17	1	5
186	40	22	1	1
187	38	23	1	3
188	46	19	1	4
189	31	28	1	3
190	51	17	1	4
191	36	24	1	2
192	32	27	1	2
193	36	24	1	3
194	32	27	1	4
195	39	22	1	5
196	33	26	1	5
197	37	23	1	5
198	34	25	1	2
199	50	17	1	3
200	35	24	1	1
201	42	20	1	4
202	30	28	1	1
203	31	27	1	3
204	38	22	1	3
205	49	17	1	2
206	39	21	1	4
207	51	16	1	5
208	29	28	1	1
209	30	27	1	4
210	54	15	1	3
211	45	18	1	4
212	31	26	1	5
213	40	20	1	4
214	32	25	1	5
215	40	20	1	5
216	32	25	1	5
217	38	21	1	3
218	42	19	1	2
219	53	15	1	3
220	28	28	1	5
221	34	23	1	2
222	30	26	1	4
223	37	21	1	3
224	31	25	1	3
225	48	16	1	4
226	45	17	1	5
227	38	20	1	2
228	28	27	1	1
229	58	13	1	5
230	29	26	1	2
231	47	16	1	6
232	50	15	1	3
233	30	25	1	5
234	34	22	1	3
235	44	17	1	2
236	57	13	1	6
237	37	20	1	2
238	32	23	1	2
239	49	15	1	5
240	27	27	1	3
241	28	26	1	3
242	38	19	1	2
243	30	24	1	4
244	48	15	1	2
245	36	20	1	2
246	42	17	1	3
247	34	21	1	1
248	51	14	1	4
249	31	23	1	4
250	32	22	1	2
251	44	16	1	2
252	27	26	1	3
253	54	13	1	5
254	27	26	1	5
255	35	20	1	6
256	58	12	1	2
257	33	21	1	5
258	31	22	1	2
259	40	17	1	2
260	26	26	1	3
261	27	25	1	5
262	28	24	1	4
263	48	14	1	3
264	42	16	1	4
265	29	23	1	2
266	37	18	1	4
267	51	13	1	7
268	44	15	1	2
269	26	25	1	2
270	36	18	1	4
271	27	24	1	3
272	38	17	1	2
273	34	19	1	3
274	28	23	1	3
275	32	20	1	7
276	42	15	1	3
277	45	14	1	3
278	37	17	1	2
279	33	19	1	4
280	31	20	1	1
281	44	14	1	5
282	28	22	1	4
283	36	17	1	2
284	29	21	1	2
285	32	19	1	4
286	38	16	1	6
287	43	14	1	2
288	30	20	1	3
289	46	13	1	1
290	26	23	1	2
291	35	17	1	1
292	27	22	1	2
293	33	18	1	3
294	37	16	1	2
295	31	19	1	4
296	34	17	1	2
297	48	12	1	4
298	24	24	1	1
299	32	18	1	2
300	26	22	1	2
301	27	21	1	1
302	47	12	1	4
303	37	15	1	2
304	55	10	1	4
305	39	14	1	3
306	32	17	1	7
307	36	15	1	4
308	30	18	1	2
309	27	20	1	4
310	36	15	1	3
311	45	12	1	3
312	36	15	1	2
313	41	13	1	2
314	28	19	1	4
315	48	11	1	3
316	33	16	1	2
317	31	17	1	5
318	26	20	1	2
319	40	13	1	3
320	26	20	1	3
321	51	10	1	3
322	34	15	1	2
323	30	17	1	7
324	42	12	1	4
325	24	21	1	5
326	25	20	1	2
327	45	11	1	3
328	29	17	1	4
329	49	10	1	4
330	27	18	1	2
331	22	22	1	4
332	23	21	1	3
333	30	16	1	2
334	25	19	1	2
335	29	16	1	3
336	22	21	1	2
337	46	10	1	4
338	27	17	1	2
339	35	13	1	1
340	32	14	1	4
341	22	20	1	3
342	23	19	1	5
343	36	12	1	5
344	27	16	1	4
345	36	12	1	3
346	43	10	1	1
347	25	17	1	3
348	28	15	1	5
349	21	20	1	4
350	38	11	1	1
351	26	16	1	4
352	41	10	1	2
353	34	12	1	2
354	37	11	1	1
355	29	14	1	5
356	27	15	1	3
357	25	16	1	3
358	20	20	1	5
359	22	18	1	4
360	28	14	1	1
361	24	16	1	3
362	20	19	1	3
363	27	14	1	3
364	21	18	1	3
365	29	13	1	2
366	25	15	1	4
367	21	17	1	7
368	32	11	1	2
369	22	16	1	1
370	27	13	1	3
371	35	10	1	2
372	19	18	1	3
373	34	10	1	4
374	20	17	1	1
375	26	13	1	5
376	21	16	1	3
377	28	12	1	2
378	27	12	1	2
379	23	14	1	6
380	20	16	1	3
381	21	15	1	2
382	24	13	1	3
383	28	11	1	8
384	18	17	1	4
385	19	16	1	2
386	30	10	1	3
387	20	15	1	5
388	27	11	1	3
389	21	14	1	2
390	29	10	1	5
391	24	12	1	2
392	18	16	1	7
393	19	15	1	2
394	21	13	1	2
395	18	15	1	5
396	27	10	1	6
397	16	16	1	2
398	17	15	1	1
399	17	14	1	4
400	19	12	1	4
401	15	15	1	2
402	18	12	1	3
403	17	12	1	2
404	18	11	1	3
405	15	13	1	1
406	14	13	1	5
407	17	10	1	1
408	13	13	1	2
