Mack/Bortfeldt(2008)
Bin-Packing-Problem
BP-RG/SBSBPP/SSSCSP
Testcase-ID	8
Problem-ID	100
no_item_types	411
no_items	1367
CONTAINER_DATA (l,w,h)	587	233	1
ITEMS_DATA:
Type	x	y	z	no_items
1	57	47	1	3
2	58	46	1	3
3	55	44	1	3
4	54	43	1	6
5	59	39	1	4
6	58	39	1	4
7	56	40	1	5
8	57	39	1	4
9	47	47	1	2
10	56	39	1	1
11	47	45	1	3
12	56	37	1	3
13	46	45	1	5
14	47	44	1	2
15	54	38	1	4
16	55	37	1	3
17	60	33	1	4
18	48	41	1	4
19	54	36	1	2
20	44	44	1	1
21	46	42	1	4
22	48	40	1	2
23	59	32	1	3
24	56	33	1	6
25	46	40	1	5
26	51	36	1	2
27	43	42	1	2
28	53	34	1	2
29	59	30	1	3
30	49	36	1	2
31	50	35	1	6
32	46	38	1	2
33	47	37	1	6
34	48	36	1	4
35	49	35	1	3
36	50	34	1	1
37	47	36	1	3
38	51	33	1	3
39	44	38	1	5
40	57	29	1	3
41	47	35	1	4
42	53	31	1	2
43	42	39	1	5
44	43	38	1	3
45	48	34	1	3
46	51	32	1	2
47	44	37	1	3
48	43	37	1	3
49	48	33	1	1
50	58	27	1	2
51	40	39	1	2
52	41	38	1	4
53	47	33	1	2
54	50	31	1	4
55	43	36	1	4
56	55	28	1	4
57	44	35	1	6
58	51	30	1	7
59	39	39	1	5
60	46	33	1	2
61	55	27	1	4
62	53	28	1	3
63	39	38	1	3
64	40	37	1	6
65	42	35	1	6
66	47	31	1	3
67	56	26	1	3
68	44	33	1	3
69	39	37	1	5
70	48	30	1	2
71	47	30	1	2
72	40	35	1	2
73	60	23	1	6
74	46	30	1	2
75	51	27	1	2
76	43	32	1	2
77	44	31	1	5
78	40	34	1	5
79	59	23	1	1
80	50	27	1	2
81	45	30	1	3
82	42	32	1	1
83	37	36	1	2
84	41	32	1	5
85	45	29	1	2
86	50	26	1	2
87	36	36	1	6
88	48	27	1	2
89	43	30	1	1
90	46	28	1	4
91	44	29	1	3
92	58	22	1	4
93	49	26	1	2
94	47	27	1	3
95	36	35	1	3
96	45	28	1	4
97	37	34	1	5
98	57	22	1	4
99	48	26	1	3
100	39	32	1	3
101	43	29	1	4
102	54	23	1	2
103	46	27	1	4
104	51	24	1	5
105	37	33	1	3
106	58	21	1	3
107	45	27	1	2
108	40	30	1	2
109	47	25	1	3
110	45	26	1	4
111	39	30	1	2
112	43	27	1	3
113	40	29	1	6
114	35	33	1	5
115	41	28	1	3
116	37	31	1	4
117	38	30	1	6
118	57	20	1	3
119	42	27	1	2
120	45	25	1	1
121	40	28	1	4
122	56	20	1	2
123	37	30	1	3
124	44	25	1	4
125	39	28	1	1
126	33	33	1	3
127	47	23	1	3
128	40	27	1	3
129	49	22	1	5
130	43	25	1	1
131	37	29	1	2
132	41	26	1	3
133	38	28	1	3
134	46	23	1	3
135	48	22	1	4
136	34	31	1	3
137	50	21	1	2
138	35	30	1	5
139	55	19	1	4
140	40	26	1	1
141	37	28	1	3
142	45	23	1	2
143	43	24	1	5
144	38	27	1	2
145	41	25	1	4
146	32	32	1	1
147	33	31	1	2
148	34	30	1	4
149	56	18	1	4
150	59	17	1	4
151	37	27	1	6
152	32	31	1	3
153	33	30	1	5
154	38	26	1	6
155	47	21	1	3
156	49	20	1	4
157	39	25	1	3
158	36	27	1	3
159	57	17	1	1
160	51	19	1	2
161	44	22	1	2
162	32	30	1	4
163	48	20	1	2
164	35	27	1	3
165	41	23	1	4
166	36	26	1	5
167	39	24	1	5
168	49	19	1	5
169	37	25	1	4
170	46	20	1	4
171	40	23	1	2
172	34	27	1	3
173	57	16	1	2
174	38	24	1	1
175	43	21	1	3
176	41	22	1	4
177	50	18	1	1
178	36	25	1	2
179	31	29	1	2
180	56	16	1	1
181	33	27	1	2
182	42	21	1	3
183	49	18	1	5
184	40	22	1	4
185	46	19	1	5
186	30	29	1	7
187	31	28	1	5
188	36	24	1	6
189	43	20	1	6
190	33	26	1	1
191	45	19	1	4
192	34	25	1	5
193	47	18	1	3
194	30	28	1	4
195	60	14	1	1
196	40	21	1	2
197	38	22	1	3
198	32	26	1	3
199	36	23	1	6
200	43	19	1	4
201	37	22	1	5
202	29	28	1	4
203	54	15	1	3
204	30	27	1	4
205	31	26	1	4
206	50	16	1	2
207	47	17	1	2
208	42	19	1	2
209	49	16	1	1
210	46	17	1	5
211	34	23	1	1
212	41	19	1	2
213	37	21	1	6
214	35	22	1	1
215	48	16	1	3
216	32	24	1	2
217	48	16	1	2
218	59	13	1	2
219	38	20	1	5
220	40	19	1	4
221	38	20	1	3
222	33	23	1	2
223	28	27	1	2
224	42	18	1	4
225	28	27	1	4
226	42	18	1	4
227	36	21	1	4
228	29	26	1	4
229	47	16	1	2
230	44	17	1	3
231	34	22	1	5
232	37	20	1	3
233	46	16	1	2
234	49	15	1	5
235	35	21	1	1
236	27	27	1	3
237	56	13	1	2
238	28	26	1	3
239	33	22	1	3
240	29	25	1	3
241	45	16	1	3
242	30	24	1	3
243	42	17	1	4
244	31	23	1	3
245	47	15	1	2
246	32	22	1	3
247	37	19	1	6
248	27	26	1	4
249	39	18	1	4
250	27	26	1	5
251	39	18	1	4
252	35	20	1	1
253	41	17	1	1
254	29	24	1	3
255	49	14	1	6
256	36	19	1	4
257	31	22	1	4
258	34	20	1	2
259	52	13	1	2
260	27	25	1	3
261	48	14	1	1
262	32	21	1	2
263	28	24	1	6
264	48	14	1	4
265	28	24	1	2
266	29	23	1	1
267	37	18	1	2
268	35	19	1	2
269	39	17	1	2
270	33	20	1	4
271	44	15	1	7
272	27	24	1	2
273	28	23	1	2
274	32	20	1	4
275	58	11	1	4
276	29	22	1	6
277	37	17	1	2
278	33	19	1	3
279	26	24	1	1
280	44	14	1	4
281	28	22	1	3
282	36	17	1	7
283	51	12	1	5
284	43	14	1	5
285	30	20	1	4
286	37	16	1	3
287	28	21	1	4
288	42	14	1	1
289	28	21	1	2
290	39	15	1	1
291	32	18	1	3
292	48	12	1	2
293	36	16	1	2
294	25	23	1	8
295	26	22	1	5
296	30	19	1	2
297	27	21	1	4
298	28	20	1	2
299	56	10	1	4
300	43	13	1	2
301	46	12	1	3
302	24	23	1	2
303	29	19	1	5
304	42	13	1	3
305	26	21	1	3
306	34	16	1	1
307	45	12	1	3
308	41	13	1	5
309	23	23	1	3
310	44	12	1	2
311	24	22	1	3
312	25	21	1	5
313	35	15	1	4
314	40	13	1	3
315	26	20	1	2
316	43	12	1	1
317	27	19	1	4
318	34	15	1	1
319	30	17	1	4
320	46	11	1	4
321	36	14	1	5
322	42	12	1	7
323	25	20	1	3
324	50	10	1	2
325	23	21	1	6
326	40	12	1	5
327	32	15	1	4
328	47	10	1	1
329	36	13	1	2
330	31	15	1	3
331	22	21	1	3
332	33	14	1	4
333	23	20	1	3
334	46	10	1	1
335	23	20	1	4
336	27	17	1	9
337	24	19	1	1
338	35	13	1	5
339	41	11	1	4
340	25	18	1	2
341	28	16	1	8
342	26	17	1	3
343	22	20	1	2
344	23	19	1	5
345	29	15	1	4
346	24	18	1	2
347	36	12	1	2
348	43	10	1	7
349	33	13	1	2
350	25	17	1	2
351	21	20	1	7
352	35	12	1	2
353	30	14	1	4
354	21	20	1	1
355	22	19	1	2
356	32	13	1	3
357	26	16	1	5
358	32	13	1	1
359	24	17	1	6
360	37	11	1	2
361	27	15	1	4
362	31	13	1	6
363	22	18	1	1
364	33	12	1	2
365	39	10	1	2
366	26	15	1	6
367	35	11	1	2
368	24	16	1	1
369	20	19	1	2
370	38	10	1	3
371	27	14	1	3
372	26	14	1	4
373	30	12	1	6
374	20	18	1	2
375	21	17	1	2
376	32	11	1	4
377	25	14	1	3
378	35	10	1	1
379	23	15	1	3
380	34	10	1	2
381	24	14	1	2
382	20	16	1	2
383	24	13	1	5
384	26	12	1	4
385	28	11	1	6
386	22	14	1	7
387	19	16	1	5
388	27	11	1	8
389	21	14	1	3
390	17	17	1	5
391	18	16	1	4
392	24	12	1	4
393	22	13	1	3
394	19	15	1	5
395	25	11	1	4
396	21	13	1	2
397	17	16	1	2
398	18	15	1	6
399	19	14	1	2
400	24	11	1	4
401	22	12	1	3
402	26	10	1	7
403	20	13	1	6
404	17	14	1	2
405	18	13	1	2
406	20	11	1	3
407	21	10	1	3
408	15	13	1	2
409	16	12	1	4
410	19	10	1	5
411	17	11	1	3
