Mack/Bortfeldt(2008)
Bin-Packing-Problem
BP-RG/SBSBPP/SSSCSP
Testcase-ID	8
Problem-ID	91
no_item_types	393
no_items	1422
CONTAINER_DATA (l,w,h)	587	233	1
ITEMS_DATA:
Type	x	y	z	no_items
1	56	46	1	4
2	52	49	1	4
3	59	42	1	2
4	51	48	1	5
5	49	49	1	7
6	59	40	1	4
7	59	39	1	2
8	52	44	1	1
9	57	40	1	4
10	48	47	1	4
11	50	45	1	3
12	49	45	1	4
13	56	39	1	2
14	59	37	1	6
15	54	40	1	2
16	60	36	1	5
17	50	43	1	2
18	57	37	1	4
19	54	39	1	4
20	55	38	1	2
21	51	40	1	1
22	60	34	1	3
23	55	37	1	3
24	52	39	1	2
25	54	37	1	2
26	51	39	1	3
27	46	43	1	4
28	47	42	1	3
29	57	34	1	2
30	45	43	1	3
31	47	41	1	7
32	52	37	1	1
33	48	40	1	4
34	53	36	1	4
35	50	38	1	3
36	45	42	1	5
37	45	41	1	2
38	49	37	1	2
39	58	31	1	3
40	47	38	1	2
41	43	41	1	5
42	44	40	1	5
43	53	33	1	4
44	58	30	1	2
45	47	37	1	3
46	59	29	1	3
47	45	38	1	4
48	44	38	1	6
49	45	37	1	4
50	47	35	1	4
51	41	40	1	8
52	42	39	1	1
53	43	38	1	2
54	46	35	1	3
55	48	33	1	2
56	45	35	1	5
57	56	28	1	5
58	58	27	1	7
59	41	38	1	1
60	50	31	1	4
61	46	33	1	4
62	54	28	1	5
63	42	36	1	5
64	58	26	1	2
65	43	35	1	5
66	47	32	1	3
67	48	31	1	6
68	45	33	1	2
69	57	26	1	2
70	46	32	1	5
71	42	35	1	2
72	54	27	1	2
73	47	31	1	3
74	38	38	1	4
75	45	32	1	3
76	40	36	1	3
77	48	30	1	3
78	41	35	1	2
79	47	30	1	3
80	39	36	1	3
81	54	26	1	2
82	39	36	1	6
83	50	28	1	4
84	45	31	1	6
85	41	34	1	3
86	58	24	1	4
87	48	29	1	2
88	42	33	1	4
89	46	30	1	3
90	49	28	1	5
91	37	37	1	5
92	39	35	1	3
93	45	30	1	6
94	48	28	1	2
95	37	36	1	4
96	38	35	1	3
97	44	30	1	3
98	37	35	1	5
99	38	34	1	5
100	43	30	1	2
101	56	23	1	6
102	40	32	1	5
103	41	31	1	5
104	47	27	1	2
105	45	28	1	4
106	57	22	1	3
107	48	26	1	5
108	39	32	1	5
109	46	27	1	4
110	56	22	1	7
111	38	32	1	4
112	45	27	1	3
113	55	22	1	3
114	35	34	1	6
115	41	29	1	4
116	44	27	1	4
117	37	32	1	5
118	59	20	1	8
119	47	25	1	4
120	35	33	1	3
121	55	21	1	4
122	35	33	1	1
123	48	24	1	2
124	46	25	1	5
125	50	23	1	4
126	37	31	1	5
127	44	26	1	1
128	38	30	1	1
129	39	29	1	3
130	49	23	1	4
131	56	20	1	3
132	37	30	1	3
133	41	27	1	3
134	44	25	1	2
135	33	33	1	5
136	35	31	1	4
137	54	20	1	2
138	49	22	1	2
139	37	29	1	2
140	38	28	1	5
141	56	19	1	4
142	59	18	1	4
143	53	20	1	5
144	46	23	1	10
145	39	27	1	2
146	35	30	1	3
147	36	29	1	2
148	47	22	1	3
149	38	27	1	5
150	33	31	1	2
151	60	17	1	2
152	34	30	1	1
153	46	22	1	2
154	36	28	1	2
155	42	24	1	3
156	59	17	1	3
157	40	25	1	2
158	33	30	1	2
159	58	17	1	4
160	34	29	1	3
161	41	24	1	3
162	39	25	1	3
163	46	21	1	3
164	37	26	1	2
165	33	29	1	1
166	38	25	1	3
167	45	21	1	5
168	35	27	1	5
169	41	23	1	2
170	39	24	1	4
171	52	18	1	4
172	39	24	1	3
173	49	19	1	6
174	31	30	1	3
175	42	22	1	5
176	44	21	1	2
177	40	23	1	6
178	54	17	1	1
179	53	17	1	4
180	36	25	1	2
181	60	15	1	3
182	31	29	1	4
183	32	28	1	1
184	47	19	1	7
185	33	27	1	4
186	52	17	1	5
187	42	21	1	3
188	49	18	1	3
189	40	22	1	3
190	38	23	1	4
191	51	17	1	4
192	32	27	1	2
193	36	24	1	5
194	54	16	1	3
195	32	27	1	3
196	43	20	1	5
197	39	22	1	3
198	33	26	1	6
199	47	18	1	3
200	40	21	1	4
201	35	24	1	2
202	42	20	1	3
203	30	28	1	3
204	38	22	1	7
205	44	19	1	5
206	32	26	1	1
207	43	19	1	2
208	34	24	1	4
209	45	18	1	5
210	54	15	1	1
211	35	23	1	5
212	40	20	1	1
213	32	25	1	4
214	57	14	1	3
215	42	19	1	3
216	36	22	1	5
217	28	28	1	3
218	49	16	1	2
219	29	27	1	2
220	34	23	1	6
221	46	17	1	4
222	39	20	1	2
223	37	21	1	4
224	31	25	1	3
225	43	18	1	2
226	48	16	1	3
227	32	24	1	1
228	51	15	1	1
229	38	20	1	3
230	54	14	1	7
231	28	27	1	6
232	29	26	1	3
233	34	22	1	3
234	31	24	1	2
235	37	20	1	3
236	41	18	1	4
237	32	23	1	1
238	45	16	1	6
239	30	24	1	2
240	48	15	1	4
241	36	20	1	6
242	51	14	1	5
243	31	23	1	6
244	59	12	1	3
245	47	15	1	5
246	32	22	1	4
247	27	26	1	4
248	35	20	1	2
249	41	17	1	3
250	46	15	1	4
251	43	16	1	1
252	38	18	1	3
253	40	17	1	4
254	34	20	1	4
255	45	15	1	4
256	32	21	1	7
257	37	18	1	3
258	39	17	1	3
259	44	15	1	3
260	30	22	1	3
261	47	14	1	4
262	26	25	1	4
263	27	24	1	4
264	36	18	1	1
265	28	23	1	2
266	46	14	1	3
267	40	16	1	4
268	45	14	1	3
269	35	18	1	1
270	42	15	1	4
271	37	17	1	2
272	33	19	1	5
273	26	24	1	5
274	28	22	1	3
275	51	12	1	5
276	36	17	1	4
277	47	13	1	5
278	29	21	1	5
279	38	16	1	2
280	32	19	1	2
281	43	14	1	5
282	30	20	1	2
283	26	23	1	3
284	35	17	1	1
285	27	22	1	3
286	54	11	1	5
287	37	16	1	3
288	59	10	1	5
289	39	15	1	5
290	29	20	1	3
291	34	17	1	5
292	36	16	1	3
293	26	22	1	2
294	44	13	1	3
295	30	19	1	1
296	28	20	1	5
297	35	16	1	4
298	43	13	1	1
299	37	15	1	2
300	24	23	1	8
301	25	22	1	5
302	39	14	1	3
303	32	17	1	2
304	34	16	1	7
305	36	15	1	4
306	45	12	1	7
307	53	10	1	5
308	33	16	1	5
309	25	21	1	4
310	35	15	1	4
311	29	18	1	3
312	26	20	1	2
313	34	15	1	4
314	39	13	1	1
315	46	11	1	3
316	28	18	1	8
317	25	20	1	3
318	31	16	1	7
319	33	15	1	3
320	49	10	1	2
321	27	18	1	4
322	22	22	1	5
323	37	13	1	1
324	30	16	1	1
325	32	15	1	2
326	34	14	1	4
327	28	17	1	5
328	31	15	1	2
329	22	21	1	8
330	24	19	1	4
331	30	15	1	2
332	28	16	1	4
333	32	14	1	4
334	21	21	1	3
335	23	19	1	4
336	29	15	1	5
337	25	17	1	3
338	21	20	1	5
339	35	12	1	2
340	28	15	1	8
341	32	13	1	3
342	23	18	1	5
343	24	17	1	3
344	27	15	1	4
345	31	13	1	3
346	25	16	1	4
347	21	19	1	2
348	22	18	1	2
349	23	17	1	4
350	39	10	1	5
351	25	15	1	4
352	22	17	1	2
353	23	16	1	8
354	26	14	1	7
355	19	19	1	5
356	24	15	1	8
357	30	12	1	4
358	21	17	1	2
359	23	15	1	1
360	19	18	1	8
361	20	17	1	3
362	20	16	1	4
363	29	11	1	5
364	24	13	1	4
365	28	11	1	6
366	30	10	1	3
367	20	15	1	4
368	30	10	1	5
369	21	14	1	4
370	17	17	1	3
371	24	12	1	2
372	26	11	1	10
373	18	15	1	3
374	19	14	1	4
375	20	13	1	7
376	16	16	1	4
377	17	15	1	6
378	19	13	1	3
379	22	11	1	4
380	16	15	1	2
381	19	12	1	5
382	20	11	1	6
383	21	10	1	2
384	17	12	1	2
385	18	11	1	2
386	14	14	1	3
387	15	13	1	1
388	16	11	1	4
389	13	13	1	2
390	16	10	1	3
391	13	12	1	4
392	12	12	1	4
393	12	10	1	2
