Mack/Bortfeldt(2008)
Bin-Packing-Problem
BP-RG/SBSBPP/SSSCSP
Testcase-ID	8
Problem-ID	121
no_item_types	579
no_items	1342
CONTAINER_DATA (l,w,h)	587	233	1
ITEMS_DATA:
Type	x	y	z	no_items
1	59	49	1	2
2	56	49	1	1
3	56	46	1	1
4	52	49	1	3
5	50	50	1	2
6	57	43	1	1
7	59	40	1	5
8	49	48	1	3
9	49	47	1	1
10	52	44	1	2
11	60	38	1	4
12	50	45	1	1
13	59	38	1	1
14	54	41	1	3
15	48	46	1	1
16	49	45	1	4
17	58	38	1	1
18	50	44	1	2
19	52	42	1	3
20	47	46	1	4
21	54	40	1	3
22	49	44	1	4
23	56	38	1	4
24	59	36	1	2
25	57	37	1	1
26	49	43	1	2
27	51	41	1	4
28	56	37	1	3
29	47	44	1	2
30	59	35	1	1
31	60	34	1	2
32	51	40	1	1
33	52	39	1	5
34	53	38	1	2
35	59	34	1	2
36	50	40	1	2
37	51	39	1	4
38	46	43	1	1
39	52	38	1	1
40	48	41	1	3
41	59	33	1	4
42	51	38	1	5
43	57	34	1	2
44	45	43	1	1
45	52	37	1	4
46	48	40	1	2
47	49	39	1	2
48	47	40	1	5
49	55	34	1	2
50	60	31	1	3
51	58	32	1	3
52	56	33	1	1
53	45	41	1	3
54	46	40	1	1
55	51	36	1	4
56	47	39	1	4
57	48	38	1	1
58	55	33	1	1
59	49	37	1	2
60	53	34	1	1
61	45	40	1	1
62	58	31	1	3
63	47	38	1	2
64	48	37	1	1
65	42	42	1	1
66	49	36	1	3
67	43	41	1	1
68	53	33	1	3
69	58	30	1	2
70	44	39	1	2
71	45	38	1	1
72	53	32	1	5
73	47	36	1	3
74	41	41	1	1
75	43	39	1	1
76	45	37	1	2
77	47	35	1	4
78	48	34	1	2
79	51	32	1	1
80	52	31	1	4
81	46	35	1	1
82	50	32	1	2
83	41	39	1	4
84	47	34	1	2
85	44	36	1	4
86	51	31	1	3
87	45	35	1	2
88	56	28	1	1
89	49	32	1	2
90	54	29	1	1
91	58	27	1	4
92	41	38	1	3
93	42	37	1	5
94	47	33	1	2
95	50	31	1	2
96	57	27	1	2
97	45	34	1	2
98	39	39	1	3
99	46	33	1	3
100	41	37	1	4
101	42	36	1	3
102	54	28	1	1
103	56	27	1	3
104	54	28	1	2
105	42	36	1	2
106	43	35	1	3
107	47	32	1	2
108	48	31	1	1
109	45	33	1	3
110	53	28	1	1
111	57	26	1	1
112	39	38	1	1
113	40	37	1	3
114	51	29	1	3
115	41	36	1	2
116	59	25	1	1
117	46	32	1	3
118	49	30	1	4
119	54	27	1	2
120	47	31	1	4
121	56	26	1	3
122	44	33	1	1
123	50	29	1	2
124	38	38	1	2
125	48	30	1	1
126	45	32	1	2
127	41	35	1	1
128	42	34	1	2
129	46	31	1	5
130	44	32	1	1
131	39	36	1	2
132	40	35	1	3
133	56	25	1	3
134	45	31	1	3
135	41	34	1	1
136	58	24	1	2
137	48	29	1	3
138	42	33	1	4
139	60	23	1	1
140	46	30	1	2
141	49	28	1	3
142	57	24	1	1
143	38	36	1	3
144	39	35	1	2
145	47	29	1	2
146	41	33	1	4
147	58	23	1	1
148	37	36	1	1
149	38	35	1	1
150	39	34	1	1
151	49	27	1	1
152	55	24	1	2
153	40	33	1	1
154	44	30	1	1
155	45	29	1	3
156	36	36	1	4
157	37	35	1	4
158	38	34	1	1
159	43	30	1	1
160	56	23	1	3
161	39	33	1	4
162	40	32	1	2
163	58	22	1	1
164	51	25	1	4
165	49	26	1	2
166	53	24	1	3
167	41	31	1	3
168	47	27	1	2
169	42	30	1	2
170	45	28	1	2
171	57	22	1	3
172	38	33	1	2
173	57	22	1	4
174	39	32	1	1
175	48	26	1	3
176	39	32	1	5
177	48	26	1	4
178	40	31	1	2
179	59	21	1	3
180	36	34	1	1
181	37	33	1	1
182	42	29	1	3
183	45	27	1	1
184	39	31	1	1
185	41	29	1	4
186	54	22	1	3
187	36	33	1	2
188	44	27	1	3
189	36	33	1	2
190	37	32	1	2
191	47	25	1	2
192	39	30	1	3
193	35	33	1	4
194	48	24	1	1
195	36	32	1	4
196	48	24	1	1
197	50	23	1	3
198	46	25	1	2
199	50	23	1	2
200	41	28	1	3
201	37	31	1	2
202	44	26	1	2
203	38	30	1	2
204	54	21	1	3
205	39	29	1	2
206	47	24	1	1
207	49	23	1	1
208	34	33	1	3
209	51	22	1	4
210	59	19	1	3
211	56	20	1	1
212	35	32	1	1
213	43	26	1	3
214	36	31	1	1
215	53	21	1	4
216	37	30	1	3
217	41	27	1	1
218	58	19	1	2
219	38	29	1	3
220	58	19	1	4
221	39	28	1	1
222	52	21	1	2
223	34	32	1	2
224	35	31	1	2
225	47	23	1	2
226	40	27	1	3
227	36	30	1	3
228	40	27	1	3
229	43	25	1	1
230	37	29	1	2
231	56	19	1	2
232	38	28	1	1
233	53	20	1	2
234	46	23	1	3
235	48	22	1	2
236	39	27	1	2
237	35	30	1	2
238	58	18	1	3
239	36	29	1	3
240	58	18	1	3
241	37	28	1	4
242	45	23	1	1
243	47	22	1	1
244	38	27	1	2
245	57	18	1	2
246	38	27	1	1
247	41	25	1	2
248	35	29	1	2
249	39	26	1	8
250	46	22	1	2
251	44	23	1	2
252	56	18	1	2
253	48	21	1	3
254	36	28	1	1
255	56	18	1	2
256	59	17	1	5
257	50	20	1	2
258	37	27	1	2
259	32	31	1	1
260	45	22	1	1
261	43	23	1	1
262	58	17	1	1
263	41	24	1	2
264	35	28	1	3
265	39	25	1	1
266	36	27	1	1
267	42	23	1	3
268	46	21	1	2
269	37	26	1	2
270	32	30	1	2
271	48	20	1	1
272	40	24	1	4
273	33	29	1	2
274	38	25	1	2
275	43	22	1	1
276	45	21	1	2
277	35	27	1	4
278	41	23	1	2
279	39	24	1	2
280	49	19	1	2
281	31	30	1	3
282	42	22	1	1
283	35	26	1	5
284	45	20	1	1
285	30	30	1	1
286	31	29	1	3
287	39	23	1	3
288	47	19	1	3
289	33	27	1	1
290	52	17	1	2
291	49	18	1	3
292	40	22	1	2
293	55	16	1	1
294	44	20	1	2
295	55	16	1	3
296	35	25	1	2
297	58	15	1	2
298	31	28	1	1
299	32	27	1	1
300	54	16	1	3
301	43	20	1	4
302	39	22	1	1
303	33	26	1	4
304	45	19	1	3
305	34	25	1	1
306	53	16	1	1
307	47	18	1	4
308	42	20	1	1
309	35	24	1	3
310	30	28	1	2
311	42	20	1	2
312	35	24	1	2
313	56	15	1	4
314	38	22	1	2
315	46	18	1	1
316	36	23	1	2
317	59	14	1	8
318	55	15	1	2
319	41	20	1	3
320	39	21	1	1
321	43	19	1	5
322	51	16	1	2
323	34	24	1	1
324	30	27	1	3
325	31	26	1	3
326	35	23	1	3
327	50	16	1	1
328	32	25	1	2
329	57	14	1	1
330	38	21	1	2
331	42	19	1	3
332	33	24	1	4
333	49	16	1	3
334	34	23	1	1
335	46	17	1	1
336	34	23	1	2
337	30	26	1	1
338	39	20	1	3
339	60	13	1	1
340	41	19	1	4
341	37	21	1	3
342	31	25	1	4
343	43	18	1	1
344	48	16	1	1
345	32	24	1	2
346	51	15	1	2
347	38	20	1	2
348	33	23	1	1
349	36	21	1	3
350	42	18	1	1
351	54	14	1	2
352	29	26	1	2
353	30	25	1	2
354	34	22	1	2
355	44	17	1	3
356	31	24	1	3
357	39	19	1	4
358	37	20	1	2
359	41	18	1	1
360	32	23	1	8
361	35	21	1	1
362	49	15	1	2
363	27	27	1	4
364	28	26	1	2
365	33	22	1	1
366	48	15	1	2
367	30	24	1	1
368	45	16	1	2
369	48	15	1	3
370	42	17	1	2
371	31	23	1	2
372	59	12	1	2
373	47	15	1	3
374	32	22	1	1
375	44	16	1	2
376	37	19	1	1
377	39	18	1	4
378	35	20	1	2
379	33	21	1	3
380	46	15	1	2
381	43	16	1	3
382	49	14	1	5
383	38	18	1	2
384	57	12	1	1
385	40	17	1	4
386	45	15	1	1
387	28	24	1	2
388	29	23	1	2
389	37	18	1	2
390	30	22	1	2
391	33	20	1	3
392	30	22	1	1
393	31	21	1	2
394	26	25	1	3
395	27	24	1	4
396	36	18	1	2
397	27	24	1	3
398	36	18	1	2
399	38	17	1	1
400	28	23	1	2
401	46	14	1	3
402	40	16	1	1
403	32	20	1	2
404	29	22	1	2
405	35	18	1	1
406	45	14	1	2
407	30	21	1	2
408	37	17	1	2
409	57	11	1	2
410	26	24	1	4
411	48	13	1	1
412	28	22	1	2
413	41	15	1	1
414	51	12	1	2
415	47	13	1	1
416	29	21	1	3
417	43	14	1	3
418	30	20	1	2
419	50	12	1	3
420	30	20	1	1
421	40	15	1	2
422	25	24	1	4
423	40	15	1	3
424	26	23	1	4
425	35	17	1	4
426	27	22	1	2
427	31	19	1	5
428	42	14	1	1
429	28	21	1	3
430	39	15	1	1
431	34	17	1	2
432	26	22	1	4
433	30	19	1	3
434	38	15	1	5
435	30	19	1	3
436	33	17	1	1
437	40	14	1	2
438	35	16	1	1
439	40	14	1	2
440	28	20	1	3
441	35	16	1	3
442	31	18	1	2
443	24	23	1	2
444	29	19	1	3
445	25	22	1	1
446	39	14	1	3
447	26	21	1	1
448	42	13	1	2
449	39	14	1	1
450	34	16	1	6
451	32	17	1	3
452	34	16	1	3
453	45	12	1	2
454	27	20	1	2
455	36	15	1	4
456	49	11	1	3
457	53	10	1	2
458	24	22	1	5
459	31	17	1	1
460	25	21	1	3
461	35	15	1	4
462	27	19	1	2
463	32	16	1	3
464	34	15	1	4
465	30	17	1	2
466	34	15	1	1
467	30	17	1	1
468	23	22	1	2
469	28	18	1	4
470	24	21	1	1
471	28	18	1	3
472	42	12	1	2
473	25	20	1	2
474	33	15	1	2
475	26	19	1	3
476	29	17	1	4
477	49	10	1	1
478	27	18	1	1
479	22	22	1	1
480	37	13	1	2
481	40	12	1	3
482	28	17	1	1
483	39	12	1	3
484	26	18	1	3
485	39	12	1	3
486	31	15	1	3
487	22	21	1	5
488	23	20	1	3
489	24	19	1	2
490	41	11	1	2
491	45	10	1	3
492	30	15	1	2
493	45	10	1	1
494	28	16	1	2
495	32	14	1	1
496	34	13	1	6
497	26	17	1	3
498	22	20	1	1
499	23	19	1	1
500	29	15	1	3
501	27	16	1	2
502	24	18	1	1
503	27	16	1	4
504	39	11	1	3
505	25	17	1	3
506	28	15	1	3
507	26	16	1	1
508	32	13	1	2
509	26	16	1	2
510	32	13	1	3
511	26	16	1	2
512	24	17	1	3
513	37	11	1	1
514	29	14	1	1
515	27	15	1	3
516	31	13	1	1
517	25	16	1	1
518	22	18	1	1
519	36	11	1	1
520	22	18	1	3
521	39	10	1	2
522	30	13	1	4
523	20	19	1	4
524	27	14	1	2
525	25	15	1	2
526	22	17	1	3
527	37	10	1	2
528	26	14	1	2
529	19	19	1	2
530	20	18	1	1
531	24	15	1	1
532	20	18	1	1
533	21	17	1	3
534	27	13	1	2
535	19	18	1	3
536	26	13	1	3
537	21	16	1	2
538	30	11	1	1
539	25	13	1	3
540	18	18	1	1
541	27	12	1	3
542	19	17	1	2
543	20	16	1	2
544	21	15	1	4
545	24	13	1	3
546	26	12	1	3
547	28	11	1	2
548	18	17	1	4
549	20	15	1	2
550	30	10	1	3
551	23	13	1	2
552	29	10	1	2
553	17	17	1	1
554	18	16	1	3
555	23	12	1	3
556	21	13	1	4
557	17	16	1	1
558	18	15	1	1
559	19	14	1	1
560	20	13	1	1
561	18	14	1	2
562	21	12	1	3
563	22	11	1	4
564	16	15	1	1
565	17	14	1	4
566	23	10	1	2
567	19	12	1	1
568	16	14	1	2
569	17	13	1	2
570	20	11	1	1
571	21	10	1	5
572	16	13	1	2
573	15	13	1	1
574	16	12	1	2
575	13	13	1	1
576	14	12	1	4
577	16	10	1	3
578	12	11	1	2
579	12	10	1	2
