Mack/Bortfeldt(2008)
Bin-Packing-Problem
BP-RG/SBSBPP/SSSCSP
Testcase-ID	8
Problem-ID	120
no_item_types	547
no_items	1412
CONTAINER_DATA (l,w,h)	587	233	1
ITEMS_DATA:
Type	x	y	z	no_items
1	58	49	1	2
2	59	47	1	3
3	60	46	1	2
4	57	47	1	1
5	51	50	1	4
6	56	45	1	1
7	54	46	1	3
8	56	44	1	1
9	55	44	1	2
10	60	39	1	3
11	54	43	1	4
12	58	39	1	4
13	51	44	1	1
14	59	38	1	2
15	57	39	1	1
16	54	41	1	3
17	47	47	1	2
18	48	46	1	2
19	48	45	1	2
20	51	42	1	1
21	59	36	1	4
22	57	37	1	4
23	56	37	1	1
24	46	45	1	3
25	53	39	1	3
26	54	38	1	3
27	55	37	1	2
28	47	43	1	2
29	54	37	1	1
30	48	41	1	4
31	53	37	1	3
32	59	33	1	5
33	54	36	1	4
34	46	42	1	6
35	47	41	1	3
36	55	35	1	2
37	48	40	1	3
38	49	39	1	2
39	59	32	1	4
40	57	33	1	3
41	49	38	1	4
42	44	42	1	2
43	46	40	1	5
44	47	39	1	2
45	52	35	1	4
46	49	37	1	3
47	50	36	1	1
48	46	39	1	3
49	51	35	1	3
50	54	33	1	1
51	43	41	1	2
52	50	35	1	4
53	58	30	1	2
54	47	37	1	3
55	56	31	1	4
56	44	39	1	4
57	49	35	1	1
58	52	32	1	1
59	50	33	1	2
60	53	31	1	3
61	41	40	1	2
62	42	39	1	2
63	43	38	1	3
64	51	32	1	2
65	44	37	1	2
66	58	28	1	3
67	45	36	1	1
68	46	35	1	4
69	41	39	1	2
70	47	34	1	4
71	42	38	1	3
72	43	37	1	1
73	58	27	1	1
74	54	29	1	3
75	58	27	1	1
76	46	34	1	2
77	40	39	1	3
78	42	37	1	2
79	47	33	1	1
80	50	31	1	2
81	43	36	1	3
82	48	32	1	2
83	39	39	1	3
84	41	37	1	5
85	42	36	1	4
86	50	30	1	1
87	44	34	1	3
88	48	31	1	1
89	45	33	1	3
90	53	28	1	2
91	39	38	1	1
92	40	37	1	3
93	41	36	1	4
94	46	32	1	3
95	42	35	1	3
96	47	31	1	2
97	38	38	1	3
98	45	32	1	2
99	48	30	1	2
100	55	26	1	3
101	57	25	1	1
102	59	24	1	2
103	44	32	1	1
104	39	36	1	2
105	50	28	1	3
106	40	35	1	2
107	45	31	1	2
108	42	33	1	2
109	43	32	1	3
110	37	37	1	4
111	38	36	1	3
112	44	31	1	3
113	40	34	1	1
114	59	23	1	3
115	41	33	1	3
116	42	32	1	1
117	48	28	1	1
118	46	29	1	3
119	37	36	1	1
120	38	35	1	2
121	39	34	1	5
122	49	27	1	3
123	40	33	1	1
124	44	30	1	4
125	45	29	1	2
126	52	25	1	3
127	50	26	1	2
128	59	22	1	2
129	36	36	1	3
130	43	30	1	1
131	46	28	1	3
132	44	29	1	3
133	41	31	1	4
134	36	35	1	7
135	42	30	1	2
136	37	34	1	4
137	38	33	1	1
138	50	25	1	3
139	48	26	1	2
140	39	32	1	1
141	43	29	1	1
142	46	27	1	2
143	40	31	1	5
144	44	28	1	2
145	41	30	1	2
146	35	35	1	4
147	51	24	1	3
148	37	33	1	3
149	38	32	1	3
150	40	30	1	3
151	60	20	1	2
152	48	25	1	1
153	52	23	1	1
154	46	26	1	2
155	35	34	1	2
156	37	32	1	3
157	38	31	1	1
158	56	21	1	2
159	47	25	1	3
160	39	30	1	3
161	45	26	1	3
162	39	30	1	4
163	43	27	1	2
164	35	33	1	1
165	48	24	1	2
166	36	32	1	4
167	37	31	1	3
168	44	26	1	3
169	38	30	1	4
170	54	21	1	3
171	49	23	1	3
172	45	25	1	2
173	34	33	1	2
174	40	28	1	2
175	56	20	1	3
176	43	26	1	3
177	36	31	1	4
178	58	19	1	1
179	38	29	1	2
180	44	25	1	2
181	55	20	1	4
182	42	26	1	2
183	34	32	1	3
184	35	31	1	3
185	47	23	1	5
186	45	24	1	1
187	40	27	1	2
188	45	24	1	3
189	49	22	1	2
190	51	21	1	4
191	41	26	1	4
192	38	28	1	2
193	46	23	1	4
194	33	32	1	1
195	48	22	1	4
196	34	31	1	4
197	39	27	1	3
198	35	30	1	3
199	50	21	1	4
200	42	25	1	2
201	35	30	1	2
202	37	28	1	3
203	47	22	1	3
204	43	24	1	2
205	49	21	1	4
206	38	27	1	2
207	33	31	1	1
208	34	30	1	4
209	35	29	1	1
210	39	26	1	5
211	42	24	1	3
212	56	18	1	2
213	50	20	1	2
214	37	27	1	2
215	45	22	1	2
216	34	29	1	1
217	41	24	1	2
218	35	28	1	2
219	36	27	1	1
220	51	19	1	2
221	44	22	1	2
222	32	30	1	4
223	48	20	1	2
224	33	29	1	1
225	53	18	1	4
226	45	21	1	3
227	35	27	1	3
228	45	21	1	1
229	41	23	1	1
230	36	26	1	3
231	49	19	1	5
232	31	30	1	1
233	32	29	1	2
234	58	16	1	1
235	37	25	1	3
236	33	28	1	3
237	40	23	1	4
238	34	27	1	2
239	38	24	1	2
240	57	16	1	5
241	43	21	1	3
242	31	29	1	4
243	39	23	1	3
244	56	16	1	1
245	47	19	1	5
246	37	24	1	3
247	49	18	1	2
248	44	20	1	2
249	35	25	1	5
250	38	23	1	6
251	46	19	1	1
252	38	23	1	2
253	30	29	1	2
254	51	17	1	2
255	32	27	1	3
256	36	24	1	2
257	41	21	1	3
258	43	20	1	2
259	39	22	1	2
260	45	19	1	7
261	57	15	1	3
262	45	19	1	1
263	37	23	1	4
264	34	25	1	1
265	29	29	1	2
266	42	20	1	2
267	35	24	1	3
268	40	21	1	4
269	60	14	1	2
270	30	28	1	2
271	38	22	1	2
272	52	16	1	3
273	32	26	1	4
274	36	23	1	4
275	33	25	1	1
276	41	20	1	1
277	43	19	1	3
278	48	17	1	3
279	37	22	1	1
280	45	18	1	2
281	30	27	1	4
282	31	26	1	1
283	35	23	1	6
284	32	25	1	2
285	40	20	1	1
286	50	16	1	4
287	40	20	1	2
288	47	17	1	1
289	42	19	1	2
290	57	14	1	4
291	36	22	1	2
292	33	24	1	3
293	56	14	1	4
294	28	28	1	1
295	34	23	1	4
296	41	19	1	3
297	37	21	1	2
298	43	18	1	2
299	35	22	1	2
300	55	14	1	2
301	32	24	1	2
302	59	13	1	3
303	38	20	1	2
304	33	23	1	2
305	28	27	1	1
306	42	18	1	5
307	28	27	1	2
308	36	21	1	3
309	58	13	1	2
310	47	16	1	2
311	50	15	1	1
312	34	22	1	2
313	44	17	1	3
314	31	24	1	3
315	53	14	1	3
316	37	20	1	5
317	35	21	1	2
318	49	15	1	1
319	35	21	1	2
320	27	27	1	2
321	52	14	1	2
322	56	13	1	4
323	33	22	1	1
324	29	25	1	3
325	38	19	1	3
326	36	20	1	4
327	30	24	1	2
328	40	18	1	5
329	36	20	1	3
330	55	13	1	2
331	42	17	1	2
332	31	23	1	4
333	47	15	1	5
334	44	16	1	2
335	37	19	1	1
336	39	18	1	3
337	27	26	1	4
338	35	20	1	3
339	28	25	1	5
340	41	17	1	1
341	33	21	1	4
342	30	23	1	2
343	36	19	1	2
344	31	22	1	3
345	26	26	1	2
346	42	16	1	3
347	28	24	1	1
348	32	21	1	1
349	56	12	1	2
350	48	14	1	2
351	28	24	1	3
352	42	16	1	1
353	29	23	1	2
354	37	18	1	2
355	39	17	1	2
356	33	20	1	1
357	44	15	1	3
358	54	12	1	3
359	27	24	1	2
360	36	18	1	2
361	43	15	1	2
362	28	23	1	3
363	46	14	1	3
364	40	16	1	3
365	29	22	1	2
366	30	21	1	2
367	37	17	1	3
368	33	19	1	4
369	25	25	1	2
370	26	24	1	2
371	31	20	1	2
372	56	11	1	4
373	28	22	1	4
374	41	15	1	4
375	36	17	1	5
376	34	18	1	4
377	36	17	1	3
378	47	13	1	3
379	29	21	1	1
380	32	19	1	3
381	55	11	1	1
382	43	14	1	5
383	30	20	1	3
384	40	15	1	2
385	25	24	1	5
386	26	23	1	1
387	27	22	1	1
388	33	18	1	1
389	27	22	1	4
390	33	18	1	4
391	37	16	1	3
392	31	19	1	3
393	42	14	1	2
394	28	21	1	1
395	49	12	1	1
396	39	15	1	1
397	45	13	1	1
398	48	12	1	3
399	25	23	1	4
400	41	14	1	2
401	26	22	1	1
402	30	19	1	4
403	57	10	1	2
404	30	19	1	4
405	27	21	1	5
406	28	20	1	2
407	56	10	1	3
408	40	14	1	5
409	37	15	1	4
410	46	12	1	2
411	29	19	1	2
412	25	22	1	2
413	26	21	1	2
414	39	14	1	2
415	32	17	1	1
416	34	16	1	4
417	54	10	1	4
418	30	18	1	6
419	27	20	1	2
420	28	19	1	2
421	24	22	1	3
422	33	16	1	1
423	24	22	1	5
424	31	17	1	3
425	35	15	1	1
426	40	13	1	2
427	26	20	1	3
428	37	14	1	1
429	47	11	1	2
430	43	12	1	4
431	27	19	1	4
432	30	17	1	2
433	46	11	1	2
434	23	22	1	3
435	36	14	1	3
436	42	12	1	3
437	50	10	1	1
438	25	20	1	2
439	31	16	1	2
440	33	15	1	3
441	24	20	1	2
442	32	15	1	1
443	24	20	1	6
444	32	15	1	2
445	28	17	1	2
446	34	14	1	2
447	28	17	1	3
448	34	14	1	6
449	25	19	1	2
450	47	10	1	5
451	39	12	1	1
452	29	16	1	2
453	22	21	1	1
454	33	14	1	2
455	24	19	1	2
456	38	12	1	1
457	41	11	1	2
458	25	18	1	3
459	30	15	1	3
460	26	17	1	2
461	34	13	1	3
462	22	20	1	2
463	24	18	1	5
464	27	16	1	1
465	36	12	1	3
466	43	10	1	3
467	33	13	1	4
468	25	17	1	2
469	42	10	1	2
470	21	20	1	2
471	35	12	1	3
472	28	15	1	2
473	26	16	1	3
474	23	18	1	2
475	24	17	1	3
476	27	15	1	2
477	25	16	1	2
478	21	19	1	3
479	33	12	1	3
480	23	17	1	4
481	39	10	1	3
482	24	16	1	4
483	27	14	1	2
484	21	18	1	2
485	25	15	1	3
486	22	17	1	1
487	31	12	1	3
488	33	11	1	1
489	24	15	1	2
490	30	12	1	3
491	20	18	1	2
492	24	15	1	1
493	30	12	1	6
494	21	17	1	4
495	22	16	1	2
496	27	13	1	1
497	25	14	1	3
498	29	12	1	1
499	19	18	1	3
500	34	10	1	5
501	21	16	1	1
502	28	12	1	2
503	22	15	1	1
504	30	11	1	3
505	25	13	1	2
506	19	17	1	1
507	23	14	1	1
508	20	16	1	1
509	31	10	1	2
510	22	14	1	4
511	28	11	1	2
512	20	15	1	3
513	30	10	1	4
514	21	14	1	2
515	17	17	1	2
516	18	16	1	3
517	19	15	1	1
518	23	12	1	2
519	25	11	1	3
520	21	13	1	3
521	17	16	1	2
522	27	10	1	1
523	24	11	1	2
524	22	12	1	2
525	26	10	1	4
526	20	13	1	4
527	26	10	1	2
528	20	13	1	4
529	17	15	1	1
530	21	12	1	1
531	19	13	1	4
532	20	12	1	4
533	18	13	1	3
534	15	15	1	3
535	16	14	1	2
536	17	13	1	2
537	18	12	1	1
538	15	14	1	4
539	21	10	1	3
540	19	11	1	3
541	16	13	1	1
542	20	10	1	2
543	16	12	1	3
544	15	11	1	6
545	13	12	1	3
546	13	10	1	2
547	12	10	1	3
