Mack/Bortfeldt(2008)
Bin-Packing-Problem
BP-RG/SBSBPP/SSSCSP
Testcase-ID	10
Problem-ID	89
no_item_types	341
no_items	1400
CONTAINER_DATA (l,w,h)	432	79	1
ITEMS_DATA:
Type	x	y	z	no_items
1	59	49	1	3
2	57	47	1	6
3	54	49	1	4
4	58	44	1	5
5	52	49	1	3
6	59	43	1	5
7	54	46	1	2
8	52	47	1	6
9	52	45	1	4
10	49	47	1	3
11	57	40	1	4
12	58	39	1	5
13	50	45	1	2
14	60	37	1	4
15	48	45	1	4
16	50	43	1	4
17	49	43	1	4
18	54	39	1	4
19	52	40	1	2
20	55	37	1	4
21	48	41	1	2
22	54	36	1	4
23	55	35	1	4
24	48	40	1	2
25	49	39	1	2
26	46	41	1	3
27	48	39	1	3
28	54	34	1	7
29	57	32	1	5
30	55	33	1	6
31	58	31	1	4
32	46	39	1	2
33	54	33	1	4
34	48	37	1	4
35	47	37	1	4
36	51	34	1	3
37	49	35	1	4
38	59	29	1	4
39	51	33	1	7
40	58	29	1	6
41	48	35	1	7
42	54	31	1	2
43	44	38	1	7
44	57	29	1	5
45	59	28	1	5
46	55	30	1	5
47	47	35	1	3
48	42	39	1	3
49	52	31	1	4
50	44	36	1	3
51	51	31	1	4
52	45	35	1	3
53	54	29	1	6
54	40	39	1	5
55	44	35	1	4
56	51	30	1	7
57	42	36	1	2
58	50	30	1	3
59	57	26	1	2
60	39	38	1	3
61	51	29	1	3
62	54	27	1	7
63	44	33	1	4
64	41	35	1	3
65	42	34	1	4
66	46	31	1	3
67	41	34	1	5
68	42	33	1	3
69	43	32	1	3
70	49	28	1	8
71	57	24	1	4
72	38	36	1	3
73	44	31	1	4
74	46	29	1	3
75	43	31	1	2
76	39	34	1	3
77	41	32	1	6
78	50	26	1	3
79	38	34	1	1
80	49	26	1	2
81	45	28	1	5
82	37	34	1	6
83	38	33	1	3
84	57	22	1	5
85	46	27	1	2
86	40	31	1	3
87	56	22	1	1
88	35	35	1	4
89	42	29	1	3
90	43	28	1	5
91	48	25	1	3
92	57	21	1	2
93	35	34	1	5
94	41	29	1	3
95	36	33	1	8
96	37	32	1	8
97	59	20	1	5
98	38	31	1	1
99	42	28	1	6
100	56	21	1	2
101	39	30	1	5
102	34	34	1	5
103	55	21	1	5
104	36	32	1	2
105	37	31	1	6
106	57	20	1	4
107	54	21	1	4
108	34	33	1	6
109	36	31	1	5
110	38	29	1	5
111	39	28	1	4
112	34	32	1	5
113	35	31	1	8
114	45	24	1	5
115	56	19	1	6
116	46	23	1	3
117	36	29	1	5
118	37	28	1	2
119	49	21	1	6
120	38	27	1	3
121	60	17	1	6
122	39	26	1	5
123	42	24	1	2
124	36	28	1	9
125	59	17	1	2
126	32	31	1	7
127	33	30	1	5
128	47	21	1	6
129	34	29	1	7
130	35	28	1	3
131	39	25	1	4
132	36	27	1	7
133	46	21	1	3
134	37	26	1	4
135	40	24	1	5
136	48	20	1	2
137	32	30	1	5
138	50	19	1	2
139	59	16	1	8
140	47	20	1	3
141	39	24	1	2
142	55	17	1	2
143	58	16	1	5
144	37	25	1	4
145	42	22	1	6
146	50	18	1	3
147	36	25	1	4
148	32	28	1	4
149	33	27	1	1
150	52	17	1	9
151	34	26	1	2
152	35	25	1	11
153	46	19	1	5
154	36	24	1	4
155	32	27	1	2
156	36	24	1	3
157	39	22	1	5
158	37	23	1	4
159	34	25	1	2
160	30	28	1	2
161	42	20	1	4
162	35	24	1	5
163	30	28	1	6
164	49	17	1	4
165	32	26	1	5
166	33	25	1	4
167	51	16	1	3
168	45	18	1	1
169	54	15	1	2
170	31	26	1	1
171	35	23	1	5
172	32	25	1	5
173	42	19	1	4
174	53	15	1	1
175	44	18	1	6
176	36	22	1	8
177	28	28	1	1
178	56	14	1	5
179	28	28	1	1
180	29	27	1	4
181	34	23	1	2
182	41	19	1	9
183	45	17	1	3
184	40	19	1	5
185	33	23	1	4
186	28	27	1	5
187	58	13	1	6
188	30	25	1	3
189	50	15	1	7
190	34	22	1	4
191	41	18	1	3
192	49	15	1	4
193	27	27	1	11
194	28	26	1	5
195	38	19	1	8
196	30	24	1	1
197	36	20	1	2
198	45	16	1	3
199	36	20	1	3
200	48	15	1	5
201	36	20	1	4
202	55	13	1	5
203	32	22	1	4
204	27	26	1	4
205	54	13	1	7
206	28	25	1	1
207	41	17	1	2
208	29	24	1	6
209	38	18	1	3
210	36	19	1	3
211	40	17	1	6
212	48	14	1	4
213	42	16	1	2
214	28	24	1	2
215	29	23	1	4
216	35	19	1	2
217	30	22	1	2
218	44	15	1	4
219	26	25	1	7
220	27	24	1	2
221	40	16	1	6
222	49	13	1	2
223	35	18	1	7
224	45	14	1	7
225	42	15	1	3
226	30	21	1	4
227	25	25	1	2
228	52	12	1	3
229	27	23	1	4
230	44	14	1	3
231	28	22	1	5
232	36	17	1	6
233	38	16	1	11
234	55	11	1	4
235	43	14	1	5
236	40	15	1	4
237	35	17	1	2
238	27	22	1	4
239	31	19	1	5
240	49	12	1	2
241	45	13	1	5
242	29	20	1	3
243	34	17	1	4
244	32	18	1	3
245	25	23	1	6
246	41	14	1	7
247	47	12	1	8
248	33	17	1	3
249	28	20	1	1
250	37	15	1	4
251	24	23	1	7
252	29	19	1	6
253	25	22	1	5
254	26	21	1	1
255	39	14	1	7
256	32	17	1	4
257	27	20	1	4
258	45	12	1	2
259	54	10	1	3
260	30	18	1	4
261	28	19	1	4
262	33	16	1	3
263	24	22	1	3
264	25	21	1	9
265	35	15	1	3
266	27	19	1	3
267	30	17	1	3
268	36	14	1	1
269	45	11	1	4
270	33	15	1	6
271	38	13	1	2
272	49	10	1	2
273	27	18	1	4
274	37	13	1	5
275	40	12	1	3
276	32	15	1	3
277	30	16	1	8
278	34	14	1	6
279	31	15	1	3
280	46	10	1	3
281	23	20	1	3
282	27	17	1	2
283	35	13	1	1
284	26	17	1	4
285	21	21	1	3
286	44	10	1	4
287	22	20	1	5
288	29	15	1	2
289	36	12	1	6
290	43	10	1	5
291	25	17	1	9
292	28	15	1	4
293	22	19	1	6
294	26	16	1	7
295	37	11	1	2
296	27	15	1	4
297	22	18	1	5
298	36	11	1	2
299	22	18	1	2
300	28	14	1	6
301	32	12	1	8
302	21	18	1	2
303	22	17	1	4
304	31	12	1	6
305	24	15	1	6
306	22	16	1	3
307	32	11	1	5
308	22	16	1	4
309	27	13	1	5
310	35	10	1	3
311	23	15	1	7
312	20	17	1	3
313	26	13	1	3
314	28	12	1	6
315	21	16	1	8
316	22	15	1	2
317	25	13	1	5
318	27	12	1	1
319	23	14	1	4
320	20	16	1	4
321	29	11	1	3
322	21	15	1	5
323	24	13	1	7
324	18	17	1	2
325	20	15	1	3
326	23	13	1	4
327	21	13	1	2
328	17	16	1	3
329	26	10	1	5
330	16	16	1	3
331	17	15	1	2
332	19	13	1	2
333	17	14	1	3
334	15	15	1	1
335	16	14	1	2
336	17	13	1	2
337	18	12	1	3
338	15	14	1	4
339	17	12	1	2
340	17	10	1	7
341	13	12	1	4
