Mack/Bortfeldt(2008)
Bin-Packing-Problem
BP-RG/SBSBPP/SSSCSP
Testcase-ID	10
Problem-ID	104
no_item_types	458
no_items	1347
CONTAINER_DATA (l,w,h)	432	79	1
ITEMS_DATA:
Type	x	y	z	no_items
1	60	49	1	4
2	54	50	1	2
3	55	49	1	3
4	56	48	1	5
5	56	47	1	3
6	50	50	1	1
7	52	48	1	2
8	56	44	1	3
9	57	43	1	1
10	59	41	1	3
11	55	43	1	5
12	55	42	1	2
13	50	46	1	2
14	60	38	1	4
15	58	39	1	5
16	59	38	1	6
17	57	39	1	3
18	47	47	1	4
19	57	38	1	3
20	55	39	1	2
21	54	39	1	3
22	47	44	1	1
23	59	35	1	2
24	49	42	1	2
25	51	40	1	3
26	55	37	1	2
27	58	35	1	4
28	47	43	1	4
29	53	38	1	5
30	59	34	1	4
31	51	39	1	4
32	55	36	1	4
33	48	41	1	1
34	49	40	1	4
35	54	36	1	4
36	57	34	1	7
37	52	37	1	3
38	48	40	1	3
39	54	35	1	2
40	48	39	1	3
41	55	34	1	2
42	44	42	1	2
43	46	40	1	2
44	47	39	1	3
45	47	38	1	2
46	51	35	1	1
47	54	33	1	5
48	45	39	1	1
49	50	35	1	2
50	47	37	1	3
51	52	33	1	4
52	44	39	1	2
53	59	29	1	2
54	57	30	1	2
55	45	38	1	2
56	46	37	1	5
57	44	38	1	2
58	45	37	1	4
59	46	36	1	2
60	50	33	1	3
61	47	35	1	4
62	43	38	1	3
63	55	29	1	2
64	51	31	1	2
65	52	30	1	5
66	40	39	1	5
67	42	37	1	4
68	47	33	1	3
69	43	36	1	3
70	48	32	1	1
71	59	26	1	2
72	45	34	1	3
73	49	31	1	1
74	52	29	1	5
75	44	34	1	1
76	39	38	1	2
77	40	37	1	1
78	49	30	1	2
79	42	35	1	5
80	43	34	1	3
81	47	31	1	2
82	39	37	1	3
83	45	32	1	1
84	42	34	1	4
85	51	28	1	3
86	42	34	1	4
87	43	33	1	2
88	59	24	1	5
89	47	30	1	2
90	44	32	1	3
91	38	37	1	2
92	39	36	1	3
93	50	28	1	4
94	40	35	1	3
95	41	34	1	2
96	48	29	1	1
97	46	30	1	3
98	60	23	1	1
99	51	27	1	2
100	49	28	1	7
101	37	37	1	4
102	38	36	1	2
103	39	35	1	3
104	47	29	1	8
105	40	34	1	2
106	54	25	1	2
107	45	30	1	3
108	46	29	1	3
109	43	31	1	3
110	37	36	1	3
111	39	34	1	4
112	44	30	1	2
113	40	33	1	4
114	57	23	1	2
115	52	25	1	2
116	54	24	1	3
117	38	34	1	2
118	43	30	1	4
119	39	33	1	3
120	40	32	1	2
121	53	24	1	4
122	36	35	1	4
123	38	33	1	2
124	54	23	1	4
125	46	27	1	3
126	59	21	1	2
127	44	28	1	1
128	35	35	1	2
129	36	34	1	2
130	37	33	1	5
131	55	22	1	3
132	43	28	1	2
133	57	21	1	3
134	46	26	1	2
135	41	29	1	3
136	36	33	1	1
137	38	31	1	5
138	42	28	1	3
139	47	25	1	1
140	51	23	1	3
141	39	30	1	1
142	36	32	1	1
143	48	24	1	2
144	41	28	1	3
145	52	22	1	3
146	38	30	1	3
147	42	27	1	3
148	34	33	1	3
149	59	19	1	4
150	35	32	1	4
151	36	31	1	2
152	37	30	1	1
153	46	24	1	2
154	48	23	1	5
155	38	29	1	4
156	44	25	1	5
157	42	26	1	2
158	40	27	1	2
159	54	20	1	3
160	36	30	1	6
161	49	22	1	3
162	37	29	1	3
163	41	26	1	5
164	56	19	1	1
165	38	28	1	2
166	46	23	1	3
167	48	22	1	3
168	34	31	1	1
169	35	30	1	2
170	58	18	1	2
171	36	29	1	1
172	40	26	1	2
173	45	23	1	1
174	47	22	1	3
175	43	24	1	1
176	49	21	1	2
177	38	27	1	5
178	33	31	1	2
179	35	29	1	3
180	46	22	1	3
181	36	28	1	4
182	48	21	1	3
183	42	24	1	4
184	48	21	1	4
185	37	27	1	2
186	32	31	1	3
187	33	30	1	2
188	45	22	1	6
189	33	30	1	6
190	38	26	1	5
191	34	29	1	4
192	41	24	1	3
193	39	25	1	5
194	36	27	1	1
195	44	22	1	3
196	42	23	1	2
197	40	24	1	4
198	32	30	1	1
199	40	24	1	3
200	33	29	1	3
201	38	25	1	4
202	35	27	1	2
203	36	26	1	3
204	52	18	1	3
205	36	26	1	4
206	39	24	1	2
207	44	21	1	1
208	34	27	1	2
209	35	26	1	2
210	43	21	1	3
211	41	22	1	5
212	36	25	1	6
213	30	30	1	3
214	31	29	1	2
215	32	28	1	3
216	47	19	1	2
217	33	27	1	2
218	37	24	1	3
219	34	26	1	4
220	52	17	1	4
221	34	26	1	7
222	55	16	1	3
223	35	25	1	3
224	30	29	1	2
225	31	28	1	1
226	48	18	1	4
227	32	27	1	5
228	48	18	1	3
229	32	27	1	2
230	41	21	1	4
231	39	22	1	4
232	45	19	1	3
233	57	15	1	3
234	37	23	1	2
235	50	17	1	3
236	34	25	1	4
237	29	29	1	3
238	35	24	1	4
239	31	27	1	2
240	38	22	1	2
241	49	17	1	4
242	52	16	1	5
243	33	25	1	4
244	43	19	1	3
245	34	24	1	4
246	37	22	1	2
247	29	28	1	7
248	30	27	1	3
249	45	18	1	5
250	31	26	1	2
251	35	23	1	2
252	32	25	1	5
253	50	16	1	2
254	47	17	1	1
255	38	21	1	5
256	42	19	1	4
257	36	22	1	4
258	28	28	1	3
259	49	16	1	1
260	29	27	1	1
261	46	17	1	4
262	34	23	1	2
263	46	17	1	3
264	34	23	1	3
265	37	21	1	3
266	31	25	1	2
267	43	18	1	5
268	55	14	1	3
269	32	24	1	6
270	45	17	1	2
271	40	19	1	5
272	36	21	1	1
273	28	27	1	1
274	36	21	1	5
275	58	13	1	4
276	47	16	1	4
277	30	25	1	3
278	31	24	1	4
279	57	13	1	2
280	39	19	1	1
281	37	20	1	4
282	41	18	1	5
283	46	16	1	1
284	35	21	1	4
285	27	27	1	2
286	28	26	1	3
287	52	14	1	3
288	28	26	1	3
289	33	22	1	1
290	29	25	1	6
291	30	24	1	2
292	36	20	1	3
293	45	16	1	4
294	48	15	1	1
295	55	13	1	5
296	34	21	1	3
297	31	23	1	3
298	47	15	1	3
299	37	19	1	7
300	28	25	1	1
301	30	23	1	2
302	38	18	1	1
303	31	22	1	2
304	34	20	1	3
305	27	25	1	2
306	48	14	1	3
307	29	23	1	3
308	37	18	1	5
309	35	19	1	2
310	41	16	1	6
311	36	18	1	2
312	27	24	1	3
313	36	18	1	2
314	38	17	1	3
315	43	15	1	3
316	46	14	1	3
317	32	20	1	3
318	53	12	1	6
319	42	15	1	1
320	45	14	1	2
321	30	21	1	3
322	45	14	1	3
323	26	24	1	4
324	48	13	1	3
325	31	20	1	1
326	34	18	1	1
327	47	13	1	5
328	32	19	1	2
329	26	23	1	3
330	27	22	1	1
331	31	19	1	4
332	42	14	1	1
333	28	21	1	4
334	39	15	1	1
335	45	13	1	3
336	29	20	1	5
337	32	18	1	2
338	36	16	1	2
339	25	23	1	4
340	41	14	1	2
341	26	22	1	3
342	44	13	1	1
343	38	15	1	5
344	27	21	1	5
345	51	11	1	4
346	28	20	1	1
347	40	14	1	2
348	31	18	1	1
349	37	15	1	4
350	24	23	1	2
351	46	12	1	3
352	29	19	1	2
353	42	13	1	2
354	39	14	1	2
355	36	15	1	1
356	49	11	1	4
357	28	19	1	4
358	33	16	1	2
359	31	17	1	3
360	25	21	1	2
361	35	15	1	3
362	25	21	1	1
363	32	16	1	2
364	30	17	1	3
365	36	14	1	2
366	25	20	1	3
367	45	11	1	4
368	26	19	1	1
369	38	13	1	3
370	29	17	1	3
371	35	14	1	4
372	44	11	1	1
373	23	21	1	4
374	24	20	1	1
375	30	16	1	6
376	24	20	1	4
377	30	16	1	5
378	28	17	1	1
379	25	19	1	4
380	39	12	1	3
381	26	18	1	5
382	36	13	1	3
383	29	16	1	2
384	22	21	1	5
385	42	11	1	2
386	46	10	1	2
387	23	20	1	5
388	24	19	1	6
389	35	13	1	2
390	32	14	1	2
391	28	16	1	4
392	32	14	1	3
393	34	13	1	1
394	26	17	1	2
395	22	20	1	4
396	23	19	1	1
397	31	14	1	4
398	24	18	1	4
399	25	17	1	5
400	42	10	1	4
401	35	12	1	2
402	21	20	1	1
403	28	15	1	2
404	42	10	1	3
405	28	15	1	4
406	22	19	1	5
407	26	16	1	1
408	24	17	1	2
409	27	15	1	3
410	20	20	1	1
411	33	12	1	5
412	22	18	1	5
413	36	11	1	1
414	23	17	1	2
415	26	15	1	1
416	24	16	1	2
417	20	19	1	5
418	27	14	1	4
419	29	13	1	3
420	23	16	1	5
421	28	13	1	4
422	19	19	1	4
423	24	15	1	2
424	21	17	1	3
425	22	16	1	1
426	25	14	1	3
427	29	12	1	2
428	34	10	1	5
429	20	17	1	4
430	28	12	1	2
431	21	16	1	4
432	30	11	1	3
433	22	15	1	1
434	33	10	1	2
435	27	12	1	4
436	19	17	1	2
437	29	11	1	2
438	21	15	1	2
439	31	10	1	1
440	18	17	1	1
441	23	13	1	2
442	27	11	1	2
443	17	17	1	3
444	24	12	1	2
445	19	15	1	5
446	20	14	1	2
447	22	12	1	1
448	20	13	1	2
449	16	16	1	4
450	17	15	1	3
451	22	11	1	2
452	17	14	1	3
453	18	13	1	2
454	17	13	1	3
455	16	13	1	4
456	18	10	1	4
457	16	11	1	1
458	13	12	1	3
