Mack/Bortfeldt(2008)
Bin-Packing-Problem
BP-RG/SBSBPP/SSSCSP
Testcase-ID	10
Problem-ID	140
no_item_types	664
no_items	1418
CONTAINER_DATA (l,w,h)	432	79	1
ITEMS_DATA:
Type	x	y	z	no_items
1	58	49	1	2
2	59	47	1	1
3	58	46	1	1
4	55	48	1	4
5	57	45	1	2
6	56	45	1	2
7	53	47	1	2
8	50	48	1	1
9	57	42	1	4
10	56	42	1	4
11	50	47	1	1
12	58	39	1	1
13	49	46	1	2
14	51	44	1	2
15	53	42	1	2
16	54	41	1	2
17	50	44	1	1
18	56	39	1	2
19	59	37	1	2
20	47	46	1	2
21	59	36	1	3
22	57	37	1	2
23	47	44	1	4
24	53	39	1	3
25	50	41	1	3
26	55	37	1	1
27	56	36	1	3
28	54	37	1	3
29	57	35	1	2
30	45	44	1	3
31	60	33	1	2
32	48	41	1	3
33	49	40	1	2
34	50	39	1	5
35	59	33	1	3
36	54	36	1	1
37	44	44	1	1
38	45	43	1	1
39	46	42	1	3
40	47	41	1	1
41	48	40	1	1
42	58	33	1	1
43	49	39	1	2
44	54	35	1	4
45	59	32	1	2
46	46	41	1	5
47	60	31	1	2
48	43	43	1	1
49	44	42	1	2
50	56	33	1	1
51	52	35	1	2
52	55	33	1	1
53	53	34	1	2
54	50	36	1	3
55	58	31	1	1
56	46	39	1	2
57	51	35	1	2
58	59	30	1	1
59	49	36	1	2
60	43	41	1	2
61	46	38	1	2
62	47	37	1	3
63	48	36	1	3
64	43	40	1	2
65	44	39	1	3
66	46	37	1	3
67	50	34	1	3
68	51	33	1	2
69	42	40	1	2
70	44	38	1	1
71	45	37	1	3
72	57	29	1	5
73	42	39	1	1
74	43	38	1	1
75	48	34	1	2
76	44	37	1	2
77	58	28	1	1
78	45	36	1	3
79	50	32	1	3
80	40	40	1	5
81	41	39	1	3
82	47	34	1	3
83	57	28	1	3
84	55	29	1	1
85	48	33	1	4
86	44	36	1	4
87	58	27	1	2
88	46	34	1	2
89	40	39	1	1
90	47	33	1	2
91	50	31	1	4
92	43	36	1	3
93	55	28	1	1
94	48	32	1	1
95	45	34	1	3
96	39	39	1	1
97	40	38	1	1
98	49	31	1	2
99	46	33	1	2
100	41	37	1	1
101	42	36	1	1
102	50	30	1	2
103	55	27	1	3
104	53	28	1	2
105	39	38	1	1
106	40	37	1	2
107	46	32	1	3
108	42	35	1	2
109	49	30	1	2
110	54	27	1	2
111	47	31	1	2
112	56	26	1	1
113	45	32	1	2
114	48	30	1	2
115	41	35	1	1
116	55	26	1	1
117	51	28	1	1
118	43	33	1	2
119	59	24	1	5
120	44	32	1	2
121	38	37	1	4
122	39	36	1	2
123	52	27	1	3
124	39	36	1	1
125	40	35	1	3
126	45	31	1	1
127	41	34	1	2
128	58	24	1	3
129	42	33	1	2
130	46	30	1	2
131	53	26	1	2
132	51	27	1	2
133	43	32	1	2
134	49	28	1	1
135	37	37	1	3
136	57	24	1	2
137	44	31	1	3
138	47	29	1	1
139	42	32	1	1
140	46	29	1	4
141	43	31	1	1
142	37	36	1	2
143	38	35	1	1
144	49	27	1	2
145	47	28	1	3
146	57	23	1	2
147	45	29	1	4
148	42	31	1	4
149	50	26	1	1
150	36	36	1	1
151	37	35	1	2
152	38	34	1	2
153	43	30	1	3
154	46	28	1	3
155	40	32	1	2
156	58	22	1	2
157	44	29	1	3
158	49	26	1	1
159	53	24	1	1
160	41	31	1	2
161	47	27	1	3
162	36	35	1	2
163	37	34	1	1
164	57	22	1	2
165	38	33	1	2
166	48	26	1	4
167	52	24	1	2
168	43	29	1	3
169	54	23	1	5
170	40	31	1	1
171	44	28	1	1
172	41	30	1	1
173	35	35	1	3
174	49	25	1	2
175	51	24	1	2
176	47	26	1	1
177	37	33	1	1
178	38	32	1	4
179	50	24	1	2
180	60	20	1	4
181	57	21	1	3
182	46	26	1	1
183	35	34	1	2
184	41	29	1	3
185	37	32	1	4
186	38	31	1	3
187	49	24	1	3
188	42	28	1	1
189	56	21	1	1
190	45	26	1	1
191	39	30	1	2
192	53	22	1	1
193	40	29	1	1
194	35	33	1	3
195	36	32	1	2
196	41	28	1	3
197	37	31	1	2
198	38	30	1	4
199	60	19	1	4
200	57	20	1	2
201	42	27	1	4
202	54	21	1	2
203	47	24	1	2
204	45	25	1	3
205	51	22	1	3
206	34	33	1	4
207	59	19	1	2
208	40	28	1	3
209	56	20	1	1
210	43	26	1	2
211	36	31	1	1
212	37	30	1	3
213	41	27	1	3
214	58	19	1	2
215	44	25	1	2
216	55	20	1	2
217	39	28	1	2
218	42	26	1	3
219	34	32	1	1
220	35	31	1	3
221	47	23	1	3
222	45	24	1	1
223	40	27	1	1
224	43	25	1	5
225	37	29	1	3
226	53	20	1	3
227	46	23	1	1
228	33	32	1	1
229	34	31	1	4
230	39	27	1	1
231	50	21	1	5
232	42	25	1	3
233	35	30	1	2
234	55	19	1	1
235	58	18	1	3
236	40	26	1	1
237	37	28	1	2
238	45	23	1	2
239	43	24	1	3
240	38	27	1	2
241	41	25	1	1
242	33	31	1	2
243	51	20	1	1
244	35	29	1	5
245	56	18	1	3
246	42	24	1	4
247	53	19	1	1
248	50	20	1	2
249	40	25	1	4
250	50	20	1	1
251	37	27	1	2
252	32	31	1	2
253	45	22	1	3
254	33	30	1	2
255	38	26	1	2
256	47	21	1	2
257	34	29	1	4
258	41	24	1	2
259	35	28	1	2
260	39	25	1	6
261	54	18	1	2
262	36	27	1	1
263	51	19	1	1
264	44	22	1	2
265	40	24	1	1
266	48	20	1	2
267	32	30	1	1
268	40	24	1	1
269	33	29	1	2
270	53	18	1	1
271	38	25	1	1
272	35	27	1	2
273	45	21	1	4
274	35	27	1	2
275	41	23	1	2
276	36	26	1	4
277	39	24	1	1
278	36	26	1	2
279	49	19	1	2
280	58	16	1	3
281	32	29	1	3
282	37	25	1	1
283	44	21	1	2
284	33	28	1	1
285	44	21	1	2
286	46	20	1	1
287	34	27	1	4
288	57	16	1	2
289	38	24	1	1
290	57	16	1	2
291	43	21	1	3
292	41	22	1	4
293	30	30	1	2
294	36	25	1	1
295	50	18	1	2
296	45	20	1	1
297	31	29	1	4
298	39	23	1	4
299	32	28	1	3
300	56	16	1	1
301	47	19	1	3
302	33	27	1	1
303	37	24	1	3
304	34	26	1	1
305	52	17	1	1
306	42	21	1	1
307	49	18	1	1
308	35	25	1	4
309	38	23	1	1
310	30	29	1	2
311	31	28	1	2
312	51	17	1	2
313	36	24	1	2
314	48	18	1	3
315	41	21	1	1
316	33	26	1	2
317	39	22	1	3
318	45	19	1	1
319	57	15	1	2
320	37	23	1	3
321	34	25	1	1
322	47	18	1	1
323	29	29	1	3
324	40	21	1	4
325	60	14	1	2
326	35	24	1	2
327	40	21	1	1
328	42	20	1	1
329	35	24	1	1
330	40	21	1	2
331	38	22	1	1
332	49	17	1	1
333	52	16	1	5
334	32	26	1	2
335	36	23	1	2
336	33	25	1	5
337	41	20	1	3
338	39	21	1	2
339	43	19	1	2
340	34	24	1	1
341	48	17	1	3
342	34	24	1	1
343	37	22	1	2
344	29	28	1	2
345	30	27	1	4
346	54	15	1	2
347	45	18	1	1
348	31	26	1	1
349	35	23	1	2
350	50	16	1	2
351	57	14	1	1
352	42	19	1	2
353	53	15	1	1
354	33	24	1	3
355	36	22	1	2
356	49	16	1	2
357	28	28	1	1
358	29	27	1	2
359	34	23	1	1
360	46	17	1	1
361	34	23	1	2
362	46	17	1	4
363	41	19	1	2
364	37	21	1	2
365	43	18	1	3
366	35	22	1	3
367	55	14	1	1
368	48	16	1	3
369	32	24	1	3
370	45	17	1	4
371	40	19	1	4
372	38	20	1	1
373	33	23	1	1
374	42	18	1	2
375	36	21	1	1
376	28	27	1	1
377	50	15	1	3
378	34	22	1	1
379	39	19	1	3
380	37	20	1	4
381	46	16	1	2
382	49	15	1	2
383	43	17	1	1
384	56	13	1	1
385	29	25	1	1
386	38	19	1	3
387	40	18	1	2
388	48	15	1	1
389	36	20	1	3
390	30	24	1	1
391	40	18	1	1
392	30	24	1	3
393	34	21	1	1
394	42	17	1	1
395	31	23	1	1
396	32	22	1	2
397	44	16	1	3
398	37	19	1	3
399	39	18	1	2
400	27	26	1	2
401	39	18	1	2
402	28	25	1	2
403	35	20	1	2
404	41	17	1	1
405	29	24	1	1
406	33	21	1	2
407	30	23	1	2
408	49	14	1	1
409	38	18	1	1
410	36	19	1	2
411	38	18	1	1
412	36	19	1	1
413	31	22	1	4
414	34	20	1	3
415	26	26	1	4
416	45	15	1	2
417	27	25	1	1
418	48	14	1	1
419	28	24	1	3
420	32	21	1	2
421	48	14	1	2
422	28	24	1	4
423	56	12	1	2
424	32	21	1	2
425	28	24	1	2
426	56	12	1	1
427	28	24	1	2
428	29	23	1	1
429	37	18	1	1
430	35	19	1	3
431	39	17	1	2
432	51	13	1	1
433	33	20	1	3
434	30	22	1	2
435	41	16	1	2
436	31	21	1	3
437	27	24	1	2
438	54	12	1	2
439	27	24	1	2
440	36	18	1	1
441	34	19	1	3
442	28	23	1	3
443	46	14	1	2
444	28	23	1	2
445	32	20	1	4
446	45	14	1	2
447	30	21	1	3
448	45	14	1	3
449	30	21	1	2
450	37	17	1	2
451	33	19	1	2
452	25	25	1	1
453	39	16	1	3
454	26	24	1	3
455	27	23	1	1
456	28	22	1	2
457	56	11	1	2
458	51	12	1	3
459	36	17	1	3
460	47	13	1	2
461	29	21	1	1
462	40	15	1	3
463	30	20	1	3
464	60	10	1	1
465	30	20	1	2
466	26	23	1	2
467	46	13	1	1
468	35	17	1	2
469	33	18	1	2
470	27	22	1	2
471	33	18	1	3
472	27	22	1	2
473	31	19	1	2
474	42	14	1	3
475	39	15	1	2
476	58	10	1	1
477	29	20	1	1
478	58	10	1	3
479	34	17	1	1
480	32	18	1	2
481	36	16	1	1
482	32	18	1	1
483	25	23	1	2
484	30	19	1	2
485	38	15	1	4
486	57	10	1	3
487	38	15	1	3
488	30	19	1	3
489	27	21	1	6
490	33	17	1	1
491	28	20	1	4
492	35	16	1	2
493	40	14	1	2
494	43	13	1	3
495	37	15	1	1
496	29	19	1	2
497	26	21	1	2
498	39	14	1	2
499	32	17	1	1
500	34	16	1	1
501	30	18	1	2
502	54	10	1	1
503	27	20	1	2
504	36	15	1	3
505	45	12	1	4
506	30	18	1	1
507	28	19	1	2
508	23	23	1	1
509	33	16	1	4
510	24	22	1	3
511	44	12	1	5
512	48	11	1	2
513	24	22	1	1
514	31	17	1	3
515	35	15	1	1
516	29	18	1	2
517	40	13	1	2
518	26	20	1	1
519	37	14	1	2
520	47	11	1	1
521	43	12	1	3
522	27	19	1	2
523	32	16	1	3
524	34	15	1	1
525	51	10	1	1
526	30	17	1	1
527	23	22	1	3
528	28	18	1	1
529	42	12	1	3
530	25	20	1	4
531	50	10	1	1
532	25	20	1	1
533	50	10	1	3
534	25	20	1	3
535	27	18	1	2
536	22	22	1	1
537	32	15	1	1
538	48	10	1	1
539	32	15	1	2
540	40	12	1	1
541	30	16	1	2
542	34	14	1	2
543	28	17	1	1
544	25	19	1	4
545	47	10	1	4
546	39	12	1	1
547	36	13	1	3
548	39	12	1	1
549	31	15	1	3
550	29	16	1	3
551	22	21	1	3
552	23	20	1	2
553	27	17	1	2
554	24	19	1	3
555	35	13	1	3
556	41	11	1	1
557	25	18	1	1
558	30	15	1	3
559	28	16	1	2
560	32	14	1	2
561	26	17	1	1
562	34	13	1	2
563	27	16	1	1
564	33	13	1	2
565	39	11	1	3
566	25	17	1	2
567	42	10	1	2
568	21	20	1	1
569	28	15	1	1
570	30	14	1	3
571	21	20	1	1
572	42	10	1	2
573	22	19	1	3
574	26	16	1	1
575	32	13	1	3
576	23	18	1	2
577	37	11	1	2
578	27	15	1	3
579	25	16	1	3
580	21	19	1	2
581	22	18	1	1
582	39	10	1	1
583	35	11	1	2
584	24	16	1	3
585	38	10	1	1
586	21	18	1	2
587	23	16	1	2
588	30	12	1	1
589	20	18	1	2
590	30	12	1	4
591	20	18	1	2
592	30	12	1	2
593	24	15	1	2
594	21	17	1	3
595	32	11	1	2
596	22	16	1	2
597	32	11	1	1
598	25	14	1	3
599	29	12	1	1
600	19	18	1	1
601	31	11	1	2
602	34	10	1	1
603	24	14	1	2
604	21	16	1	1
605	28	12	1	3
606	30	11	1	1
607	22	15	1	3
608	19	17	1	2
609	23	14	1	2
610	29	11	1	2
611	21	15	1	2
612	24	13	1	1
613	26	12	1	1
614	22	14	1	1
615	28	11	1	1
616	22	14	1	3
617	18	17	1	2
618	19	16	1	2
619	30	10	1	3
620	20	15	1	1
621	25	12	1	5
622	30	10	1	3
623	23	13	1	3
624	21	14	1	1
625	29	10	1	2
626	18	16	1	1
627	24	12	1	2
628	18	16	1	3
629	22	13	1	2
630	19	15	1	4
631	20	14	1	2
632	25	11	1	3
633	21	13	1	1
634	17	16	1	2
635	19	14	1	3
636	22	12	1	1
637	26	10	1	4
638	20	13	1	3
639	26	10	1	1
640	20	13	1	4
641	17	15	1	1
642	23	11	1	2
643	21	12	1	1
644	16	15	1	1
645	20	12	1	5
646	16	15	1	1
647	17	14	1	2
648	18	13	1	2
649	23	10	1	1
650	15	15	1	2
651	16	14	1	4
652	17	13	1	1
653	18	12	1	2
654	19	11	1	2
655	16	13	1	1
656	17	12	1	4
657	20	10	1	3
658	19	10	1	1
659	14	13	1	1
660	15	12	1	2
661	16	11	1	2
662	16	10	1	1
663	14	11	1	4
664	12	10	1	3
