Mack/Bortfeldt(2008)
Bin-Packing-Problem
BP-RG/SBSBPP/SSSCSP
Testcase-ID	10
Problem-ID	119
no_item_types	539
no_items	1430
CONTAINER_DATA (l,w,h)	432	79	1
ITEMS_DATA:
Type	x	y	z	no_items
1	58	48	1	2
2	57	47	1	1
3	58	44	1	1
4	53	48	1	4
5	59	43	1	3
6	54	46	1	4
7	54	45	1	5
8	59	41	1	1
9	55	43	1	5
10	49	48	1	2
11	56	42	1	2
12	52	45	1	2
13	49	47	1	3
14	57	40	1	1
15	52	43	1	4
16	57	39	1	6
17	57	38	1	6
18	49	43	1	2
19	54	39	1	3
20	50	42	1	2
21	59	35	1	1
22	47	43	1	3
23	49	41	1	2
24	55	36	1	3
25	60	33	1	1
26	55	36	1	1
27	46	43	1	1
28	52	38	1	2
29	48	41	1	2
30	53	37	1	3
31	56	35	1	2
32	59	33	1	3
33	54	36	1	2
34	48	40	1	3
35	58	33	1	3
36	49	39	1	3
37	53	36	1	3
38	50	38	1	2
39	45	42	1	1
40	47	39	1	2
41	48	38	1	2
42	49	37	1	4
43	50	36	1	2
44	56	32	1	1
45	48	37	1	5
46	49	36	1	4
47	55	32	1	1
48	50	35	1	2
49	46	38	1	2
50	47	37	1	3
51	54	32	1	2
52	43	40	1	1
53	52	33	1	2
54	59	29	1	1
55	45	38	1	4
56	50	34	1	1
57	53	32	1	1
58	51	33	1	4
59	48	35	1	3
60	56	30	1	4
61	59	28	1	3
62	47	35	1	3
63	53	31	1	3
64	41	40	1	5
65	45	36	1	3
66	49	33	1	2
67	41	39	1	8
68	47	34	1	3
69	41	38	1	3
70	42	37	1	1
71	47	33	1	5
72	44	35	1	1
73	51	30	1	3
74	45	34	1	4
75	39	39	1	4
76	41	37	1	5
77	42	36	1	4
78	47	32	1	1
79	50	30	1	4
80	55	27	1	2
81	45	33	1	3
82	39	38	1	3
83	57	26	1	2
84	40	37	1	1
85	51	29	1	3
86	41	36	1	1
87	59	25	1	3
88	42	35	1	1
89	54	27	1	2
90	47	31	1	3
91	56	26	1	3
92	44	33	1	3
93	39	37	1	5
94	48	30	1	3
95	41	35	1	2
96	53	27	1	6
97	55	26	1	2
98	57	25	1	1
99	47	30	1	2
100	44	32	1	1
101	54	26	1	1
102	56	25	1	5
103	40	35	1	1
104	41	34	1	1
105	48	29	1	3
106	42	33	1	1
107	53	26	1	2
108	51	27	1	3
109	43	32	1	2
110	37	37	1	4
111	57	24	1	3
112	38	36	1	2
113	39	35	1	5
114	44	31	1	3
115	59	23	1	2
116	45	30	1	1
117	42	32	1	2
118	58	23	1	4
119	43	31	1	1
120	38	35	1	2
121	39	34	1	2
122	51	26	1	1
123	44	30	1	3
124	55	24	1	2
125	47	28	1	3
126	41	32	1	2
127	50	26	1	1
128	59	22	1	3
129	48	27	1	3
130	36	36	1	2
131	37	35	1	4
132	39	33	1	1
133	44	29	1	1
134	49	26	1	3
135	41	31	1	6
136	55	23	1	5
137	45	28	1	3
138	36	35	1	2
139	37	34	1	3
140	38	33	1	3
141	57	22	1	4
142	38	33	1	2
143	39	32	1	3
144	40	31	1	1
145	59	21	1	4
146	56	22	1	2
147	47	26	1	2
148	37	33	1	1
149	42	29	1	4
150	38	32	1	2
151	45	27	1	3
152	39	31	1	2
153	43	28	1	3
154	48	25	1	5
155	57	21	1	3
156	52	23	1	2
157	35	34	1	3
158	36	33	1	3
159	37	32	1	3
160	42	28	1	4
161	39	30	1	2
162	45	26	1	3
163	58	20	1	3
164	35	33	1	4
165	48	24	1	3
166	46	25	1	3
167	37	31	1	2
168	38	30	1	3
169	39	29	1	1
170	49	23	1	5
171	34	33	1	5
172	35	32	1	1
173	40	28	1	2
174	36	31	1	2
175	42	26	1	2
176	52	21	1	3
177	34	32	1	4
178	47	23	1	4
179	40	27	1	3
180	45	24	1	3
181	37	29	1	5
182	51	21	1	1
183	41	26	1	2
184	56	19	1	1
185	38	28	1	1
186	46	23	1	3
187	35	30	1	3
188	55	19	1	2
189	40	26	1	2
190	37	28	1	2
191	45	23	1	3
192	47	22	1	1
193	49	21	1	4
194	38	27	1	3
195	33	31	1	3
196	39	26	1	2
197	46	22	1	3
198	44	23	1	1
199	42	24	1	2
200	36	28	1	2
201	42	24	1	1
202	50	20	1	3
203	40	25	1	1
204	37	27	1	3
205	32	31	1	4
206	33	30	1	1
207	52	19	1	1
208	47	21	1	2
209	34	29	1	3
210	49	20	1	2
211	35	28	1	2
212	39	25	1	2
213	54	18	1	4
214	51	19	1	1
215	57	17	1	2
216	46	21	1	2
217	37	26	1	1
218	40	24	1	1
219	48	20	1	2
220	32	30	1	3
221	48	20	1	3
222	34	28	1	5
223	38	25	1	1
224	35	27	1	4
225	45	21	1	3
226	35	27	1	4
227	41	23	1	2
228	39	24	1	3
229	49	19	1	6
230	32	29	1	4
231	37	25	1	2
232	44	21	1	2
233	33	28	1	2
234	40	23	1	4
235	34	27	1	5
236	35	26	1	3
237	43	21	1	1
238	41	22	1	1
239	53	17	1	3
240	45	20	1	4
241	30	30	1	2
242	36	25	1	2
243	50	18	1	3
244	30	30	1	1
245	36	25	1	2
246	39	23	1	2
247	32	28	1	2
248	47	19	1	5
249	33	27	1	2
250	52	17	1	2
251	34	26	1	2
252	42	21	1	2
253	49	18	1	2
254	46	19	1	2
255	31	28	1	2
256	36	24	1	3
257	32	27	1	3
258	36	24	1	2
259	43	20	1	2
260	39	22	1	3
261	37	23	1	3
262	34	25	1	3
263	50	17	1	1
264	53	16	1	3
265	30	28	1	2
266	40	21	1	3
267	31	27	1	3
268	38	22	1	2
269	49	17	1	4
270	32	26	1	2
271	59	14	1	2
272	33	25	1	1
273	55	15	1	3
274	34	24	1	1
275	51	16	1	3
276	48	17	1	1
277	37	22	1	1
278	54	15	1	2
279	45	18	1	3
280	30	27	1	2
281	35	23	1	3
282	32	25	1	2
283	50	16	1	3
284	47	17	1	3
285	57	14	1	2
286	44	18	1	4
287	33	24	1	3
288	28	28	1	4
289	46	17	1	2
290	34	23	1	3
291	39	20	1	2
292	30	26	1	5
293	39	20	1	3
294	37	21	1	2
295	31	25	1	1
296	35	22	1	2
297	32	24	1	6
298	51	15	1	2
299	45	17	1	5
300	38	20	1	4
301	36	21	1	2
302	34	22	1	2
303	31	24	1	1
304	53	14	1	6
305	37	20	1	3
306	32	23	1	3
307	49	15	1	2
308	35	21	1	3
309	27	27	1	6
310	36	20	1	3
311	30	24	1	1
312	40	18	1	3
313	48	15	1	1
314	30	24	1	3
315	36	20	1	2
316	34	21	1	2
317	31	23	1	2
318	47	15	1	4
319	32	22	1	3
320	27	26	1	4
321	54	13	1	1
322	28	25	1	4
323	35	20	1	3
324	41	17	1	1
325	29	24	1	3
326	43	16	1	3
327	38	18	1	1
328	31	22	1	3
329	34	20	1	4
330	40	17	1	6
331	27	25	1	1
332	28	24	1	5
333	32	21	1	4
334	28	24	1	2
335	32	21	1	3
336	28	24	1	6
337	42	16	1	4
338	29	23	1	5
339	37	18	1	1
340	35	19	1	1
341	39	17	1	3
342	44	15	1	2
343	30	22	1	3
344	44	15	1	2
345	31	21	1	4
346	36	18	1	6
347	38	17	1	3
348	28	23	1	1
349	32	20	1	3
350	40	16	1	1
351	49	13	1	4
352	45	14	1	1
353	35	18	1	6
354	30	21	1	5
355	37	17	1	1
356	33	19	1	3
357	25	25	1	3
358	52	12	1	2
359	31	20	1	4
360	44	14	1	1
361	28	22	1	2
362	41	15	1	3
363	36	17	1	5
364	29	21	1	3
365	38	16	1	2
366	32	19	1	4
367	55	11	1	2
368	43	14	1	4
369	50	12	1	3
370	40	15	1	4
371	25	24	1	4
372	30	20	1	4
373	40	15	1	1
374	26	23	1	3
375	35	17	1	2
376	27	22	1	1
377	31	19	1	3
378	39	15	1	4
379	29	20	1	2
380	34	17	1	1
381	36	16	1	6
382	24	24	1	1
383	25	23	1	3
384	41	14	1	3
385	26	22	1	2
386	30	19	1	2
387	27	21	1	2
388	47	12	1	3
389	33	17	1	3
390	35	16	1	1
391	28	20	1	2
392	31	18	1	4
393	37	15	1	4
394	46	12	1	2
395	24	23	1	1
396	29	19	1	2
397	25	22	1	2
398	55	10	1	4
399	26	21	1	3
400	39	14	1	2
401	26	21	1	1
402	32	17	1	5
403	34	16	1	3
404	27	20	1	2
405	45	12	1	4
406	36	15	1	1
407	45	12	1	1
408	30	18	1	2
409	27	20	1	4
410	36	15	1	2
411	41	13	1	3
412	38	14	1	3
413	31	17	1	4
414	40	13	1	2
415	26	20	1	4
416	37	14	1	4
417	47	11	1	2
418	32	16	1	3
419	30	17	1	2
420	34	15	1	3
421	39	13	1	6
422	42	12	1	2
423	24	21	1	4
424	42	12	1	2
425	28	18	1	2
426	42	12	1	4
427	28	18	1	2
428	36	14	1	2
429	25	20	1	3
430	31	16	1	2
431	45	11	1	4
432	33	15	1	1
433	38	13	1	2
434	26	19	1	4
435	29	17	1	3
436	41	12	1	4
437	49	10	1	1
438	40	12	1	2
439	30	16	1	1
440	26	18	1	2
441	36	13	1	2
442	31	15	1	1
443	29	16	1	3
444	22	21	1	1
445	23	20	1	1
446	46	10	1	3
447	27	17	1	2
448	24	19	1	1
449	45	10	1	3
450	32	14	1	2
451	34	13	1	2
452	22	20	1	3
453	40	11	1	1
454	22	20	1	3
455	40	11	1	2
456	36	12	1	1
457	27	16	1	3
458	36	12	1	1
459	43	10	1	4
460	39	11	1	1
461	33	13	1	3
462	25	17	1	2
463	28	15	1	2
464	21	20	1	2
465	35	12	1	3
466	28	15	1	1
467	21	20	1	3
468	22	19	1	2
469	26	16	1	2
470	41	10	1	3
471	24	17	1	3
472	37	11	1	4
473	27	15	1	2
474	25	16	1	2
475	20	20	1	4
476	21	19	1	4
477	22	18	1	2
478	39	10	1	5
479	24	16	1	1
480	20	19	1	2
481	21	18	1	6
482	27	14	1	5
483	21	18	1	2
484	27	14	1	1
485	29	13	1	1
486	25	15	1	2
487	22	17	1	3
488	31	12	1	2
489	28	13	1	2
490	19	19	1	5
491	24	15	1	3
492	20	18	1	2
493	24	15	1	5
494	21	17	1	2
495	22	16	1	3
496	27	13	1	5
497	25	14	1	2
498	29	12	1	1
499	23	15	1	1
500	34	10	1	2
501	21	16	1	3
502	28	12	1	4
503	21	16	1	4
504	24	14	1	5
505	21	16	1	1
506	22	15	1	2
507	27	12	1	3
508	23	14	1	4
509	29	11	1	1
510	21	15	1	1
511	26	12	1	2
512	31	10	1	5
513	22	14	1	3
514	28	11	1	3
515	18	17	1	6
516	19	16	1	2
517	20	15	1	3
518	21	14	1	3
519	22	13	1	4
520	28	10	1	1
521	21	13	1	4
522	17	16	1	1
523	27	10	1	4
524	22	12	1	2
525	20	13	1	1
526	17	15	1	2
527	23	11	1	2
528	19	13	1	2
529	24	10	1	2
530	19	12	1	3
531	15	15	1	4
532	22	10	1	4
533	20	11	1	1
534	20	10	1	2
535	18	11	1	1
536	15	13	1	2
537	14	13	1	3
538	17	10	1	4
539	13	12	1	3
