Mack/Bortfeldt(2008)
Bin-Packing-Problem
BP-RG/SBSBPP/SSSCSP
Testcase-ID	10
Problem-ID	120
no_item_types	539
no_items	1395
CONTAINER_DATA (l,w,h)	432	79	1
ITEMS_DATA:
Type	x	y	z	no_items
1	58	49	1	2
2	60	46	1	1
3	60	45	1	5
4	57	47	1	2
5	59	44	1	2
6	57	45	1	3
7	56	44	1	3
8	55	44	1	3
9	50	48	1	1
10	51	47	1	2
11	60	39	1	3
12	52	45	1	4
13	60	39	1	2
14	54	43	1	2
15	58	39	1	1
16	49	46	1	6
17	50	45	1	2
18	51	44	1	3
19	57	39	1	3
20	60	37	1	1
21	48	46	1	4
22	50	44	1	3
23	48	45	1	1
24	47	45	1	2
25	46	45	1	1
26	59	35	1	3
27	54	38	1	2
28	50	41	1	1
29	54	37	1	1
30	48	41	1	2
31	53	37	1	2
32	54	36	1	2
33	52	37	1	7
34	59	32	1	4
35	57	33	1	3
36	43	43	1	1
37	44	42	1	2
38	59	31	1	5
39	52	35	1	4
40	55	33	1	1
41	43	42	1	3
42	50	36	1	5
43	46	39	1	3
44	54	33	1	6
45	59	30	1	2
46	49	36	1	4
47	47	37	1	4
48	56	31	1	4
49	48	36	1	3
50	54	32	1	4
51	44	39	1	4
52	45	38	1	1
53	46	37	1	3
54	47	36	1	4
55	43	39	1	3
56	46	36	1	3
57	57	29	1	2
58	50	33	1	3
59	53	31	1	2
60	42	39	1	3
61	48	34	1	2
62	45	36	1	3
63	40	40	1	3
64	42	38	1	4
65	57	28	1	5
66	44	36	1	3
67	48	33	1	1
68	58	27	1	1
69	47	33	1	5
70	43	36	1	3
71	55	28	1	4
72	48	32	1	4
73	39	39	1	5
74	40	38	1	3
75	41	37	1	2
76	56	27	1	2
77	44	34	1	1
78	55	27	1	1
79	53	28	1	3
80	40	37	1	1
81	41	36	1	2
82	59	25	1	2
83	46	32	1	2
84	42	35	1	3
85	47	31	1	2
86	39	37	1	5
87	40	36	1	2
88	60	24	1	5
89	42	34	1	2
90	57	25	1	3
91	43	33	1	6
92	47	30	1	1
93	44	32	1	3
94	38	37	1	2
95	39	36	1	2
96	54	26	1	1
97	40	35	1	1
98	41	34	1	3
99	46	30	1	3
100	51	27	1	3
101	49	28	1	2
102	39	35	1	4
103	44	31	1	5
104	41	33	1	2
105	45	30	1	2
106	50	27	1	2
107	42	32	1	1
108	43	31	1	3
109	37	36	1	2
110	38	35	1	1
111	39	34	1	4
112	53	25	1	3
113	49	27	1	1
114	44	30	1	1
115	47	28	1	6
116	41	32	1	1
117	42	31	1	2
118	50	26	1	3
119	52	25	1	2
120	50	26	1	2
121	48	27	1	2
122	37	35	1	3
123	43	30	1	7
124	40	32	1	2
125	49	26	1	3
126	53	24	1	7
127	41	31	1	2
128	47	27	1	1
129	55	23	1	3
130	42	30	1	3
131	36	35	1	2
132	37	34	1	4
133	57	22	1	4
134	50	25	1	4
135	48	26	1	2
136	46	27	1	4
137	54	23	1	4
138	40	31	1	1
139	44	28	1	4
140	41	30	1	3
141	51	24	1	1
142	36	34	1	2
143	37	33	1	2
144	45	27	1	4
145	48	25	1	3
146	40	30	1	2
147	52	23	1	3
148	46	26	1	3
149	35	34	1	1
150	49	24	1	1
151	56	21	1	3
152	47	25	1	1
153	45	26	1	3
154	39	30	1	5
155	35	33	1	1
156	36	32	1	2
157	46	25	1	3
158	41	28	1	3
159	37	31	1	3
160	57	20	1	5
161	47	24	1	2
162	49	23	1	3
163	35	32	1	3
164	36	31	1	1
165	41	27	1	2
166	46	24	1	4
167	58	19	1	3
168	44	25	1	1
169	42	26	1	3
170	39	28	1	1
171	35	31	1	2
172	45	24	1	1
173	43	25	1	2
174	38	28	1	3
175	53	20	1	3
176	46	23	1	3
177	33	32	1	2
178	48	22	1	1
179	33	32	1	1
180	34	31	1	2
181	39	27	1	2
182	35	30	1	3
183	50	21	1	1
184	40	26	1	4
185	37	28	1	4
186	45	23	1	2
187	49	21	1	4
188	38	27	1	3
189	33	31	1	3
190	34	30	1	1
191	44	23	1	3
192	53	19	1	1
193	50	20	1	1
194	37	27	1	7
195	32	31	1	3
196	33	30	1	3
197	38	26	1	6
198	35	28	1	4
199	39	25	1	4
200	36	27	1	3
201	44	22	1	1
202	42	23	1	4
203	32	30	1	1
204	40	24	1	3
205	32	30	1	2
206	33	29	1	5
207	53	18	1	1
208	59	16	1	3
209	41	23	1	2
210	49	19	1	1
211	32	29	1	2
212	58	16	1	1
213	37	25	1	1
214	33	28	1	2
215	44	21	1	1
216	40	23	1	2
217	46	20	1	2
218	38	24	1	1
219	57	16	1	3
220	43	21	1	3
221	50	18	1	1
222	31	29	1	2
223	39	23	1	4
224	32	28	1	5
225	56	16	1	2
226	32	28	1	3
227	47	19	1	1
228	33	27	1	1
229	37	24	1	4
230	34	26	1	2
231	52	17	1	2
232	49	18	1	2
233	35	25	1	2
234	38	23	1	3
235	46	19	1	2
236	38	23	1	5
237	30	29	1	4
238	31	28	1	6
239	36	24	1	3
240	48	18	1	3
241	36	24	1	1
242	41	21	1	3
243	43	20	1	4
244	39	22	1	1
245	33	26	1	2
246	39	22	1	1
247	33	26	1	2
248	45	19	1	6
249	37	23	1	3
250	53	16	1	1
251	47	18	1	3
252	29	29	1	4
253	40	21	1	3
254	35	24	1	3
255	60	14	1	4
256	30	28	1	1
257	56	15	1	3
258	40	21	1	1
259	42	20	1	2
260	31	27	1	1
261	38	22	1	3
262	36	23	1	4
263	46	18	1	5
264	55	15	1	1
265	33	25	1	3
266	41	20	1	4
267	43	19	1	2
268	34	24	1	2
269	51	16	1	5
270	48	17	1	1
271	34	24	1	2
272	37	22	1	2
273	29	28	1	2
274	54	15	1	3
275	31	26	1	2
276	32	25	1	2
277	50	16	1	3
278	32	25	1	3
279	38	21	1	4
280	57	14	1	6
281	42	19	1	3
282	33	24	1	3
283	36	22	1	2
284	28	28	1	2
285	49	16	1	1
286	29	27	1	1
287	46	17	1	1
288	34	23	1	2
289	46	17	1	4
290	41	19	1	4
291	37	21	1	1
292	35	22	1	1
293	55	14	1	1
294	32	24	1	3
295	59	13	1	2
296	45	17	1	4
297	38	20	1	2
298	33	23	1	3
299	42	18	1	4
300	28	27	1	2
301	54	14	1	2
302	29	26	1	2
303	50	15	1	2
304	34	22	1	1
305	31	24	1	2
306	53	14	1	2
307	39	19	1	1
308	37	20	1	1
309	46	16	1	4
310	49	15	1	3
311	35	21	1	3
312	43	17	1	5
313	28	26	1	2
314	56	13	1	4
315	33	22	1	4
316	29	25	1	3
317	38	19	1	2
318	36	20	1	1
319	40	18	1	5
320	45	16	1	4
321	40	18	1	1
322	30	24	1	4
323	42	17	1	4
324	34	21	1	2
325	31	23	1	5
326	47	15	1	2
327	32	22	1	2
328	44	16	1	4
329	32	22	1	4
330	37	19	1	4
331	27	26	1	1
332	28	25	1	4
333	35	20	1	2
334	29	24	1	3
335	33	21	1	2
336	49	14	1	2
337	36	19	1	4
338	31	22	1	3
339	34	20	1	2
340	40	17	1	1
341	52	13	1	2
342	26	26	1	2
343	45	15	1	1
344	32	21	1	2
345	48	14	1	1
346	42	16	1	3
347	56	12	1	3
348	29	23	1	2
349	37	18	1	2
350	39	17	1	3
351	30	22	1	2
352	36	18	1	4
353	38	17	1	2
354	43	15	1	2
355	32	20	1	4
356	40	16	1	3
357	30	21	1	2
358	37	17	1	1
359	33	19	1	3
360	25	25	1	5
361	39	16	1	3
362	26	24	1	2
363	27	23	1	3
364	28	22	1	3
365	56	11	1	4
366	41	15	1	1
367	51	12	1	1
368	36	17	1	2
369	47	13	1	1
370	43	14	1	2
371	25	24	1	3
372	40	15	1	2
373	30	20	1	4
374	26	23	1	2
375	27	22	1	3
376	33	18	1	2
377	27	22	1	1
378	28	21	1	2
379	42	14	1	2
380	49	12	1	2
381	42	14	1	3
382	39	15	1	3
383	45	13	1	4
384	58	10	1	2
385	29	20	1	3
386	34	17	1	1
387	36	16	1	1
388	32	18	1	1
389	36	16	1	3
390	48	12	1	3
391	25	23	1	3
392	41	14	1	2
393	26	22	1	3
394	30	19	1	4
395	57	10	1	2
396	38	15	1	2
397	30	19	1	3
398	27	21	1	2
399	33	17	1	4
400	31	18	1	3
401	37	15	1	1
402	24	23	1	3
403	46	12	1	2
404	25	22	1	4
405	39	14	1	2
406	26	21	1	2
407	39	14	1	1
408	34	16	1	2
409	32	17	1	4
410	34	16	1	1
411	27	20	1	3
412	36	15	1	4
413	27	20	1	3
414	41	13	1	2
415	28	19	1	6
416	24	22	1	3
417	35	15	1	2
418	29	18	1	2
419	26	20	1	1
420	40	13	1	2
421	37	14	1	5
422	47	11	1	3
423	27	19	1	3
424	32	16	1	3
425	30	17	1	4
426	51	10	1	1
427	30	17	1	3
428	23	22	1	3
429	42	12	1	1
430	25	20	1	1
431	41	12	1	3
432	35	14	1	3
433	27	18	1	5
434	23	21	1	3
435	32	15	1	3
436	40	12	1	4
437	30	16	1	3
438	24	20	1	5
439	32	15	1	2
440	30	16	1	4
441	28	17	1	2
442	39	12	1	2
443	36	13	1	2
444	31	15	1	1
445	22	21	1	3
446	33	14	1	3
447	23	20	1	2
448	27	17	1	1
449	38	12	1	4
450	24	19	1	1
451	38	12	1	2
452	30	15	1	3
453	25	18	1	2
454	34	13	1	4
455	22	20	1	1
456	23	19	1	5
457	29	15	1	3
458	27	16	1	2
459	24	18	1	2
460	39	11	1	2
461	25	17	1	6
462	21	20	1	4
463	42	10	1	3
464	30	14	1	5
465	21	20	1	2
466	42	10	1	2
467	22	19	1	4
468	32	13	1	1
469	26	16	1	3
470	23	18	1	2
471	24	17	1	4
472	37	11	1	5
473	21	19	1	4
474	22	18	1	3
475	28	14	1	2
476	39	10	1	2
477	32	12	1	3
478	24	16	1	5
479	38	10	1	1
480	27	14	1	2
481	21	18	1	3
482	23	16	1	2
483	28	13	1	2
484	26	14	1	2
485	20	18	1	3
486	30	12	1	1
487	20	18	1	3
488	22	16	1	1
489	27	13	1	2
490	25	14	1	4
491	35	10	1	2
492	19	18	1	3
493	34	10	1	2
494	26	13	1	2
495	28	12	1	2
496	21	16	1	2
497	22	15	1	1
498	19	17	1	1
499	28	11	1	2
500	22	14	1	2
501	18	17	1	3
502	19	16	1	2
503	30	10	1	2
504	23	13	1	1
505	27	11	1	1
506	21	14	1	1
507	29	10	1	4
508	18	16	1	1
509	24	12	1	2
510	18	16	1	2
511	19	15	1	1
512	25	11	1	1
513	21	13	1	1
514	18	15	1	3
515	27	10	1	2
516	22	12	1	4
517	26	10	1	2
518	20	13	1	1
519	17	15	1	2
520	23	11	1	3
521	21	12	1	1
522	19	13	1	3
523	16	15	1	1
524	17	14	1	5
525	19	12	1	2
526	15	15	1	1
527	17	13	1	2
528	20	11	1	2
529	22	10	1	3
530	15	14	1	2
531	21	10	1	1
532	16	13	1	1
533	20	10	1	1
534	15	13	1	3
535	16	12	1	3
536	19	10	1	1
537	16	11	1	1
538	16	10	1	3
539	12	10	1	2
