Mack/Bortfeldt(2008)
Bin-Packing-Problem
BP-RG/SBSBPP/SSSCSP
Testcase-ID	10
Problem-ID	108
no_item_types	477
no_items	1394
CONTAINER_DATA (l,w,h)	432	79	1
ITEMS_DATA:
Type	x	y	z	no_items
1	60	46	1	1
2	57	47	1	2
3	57	46	1	4
4	51	50	1	5
5	60	40	1	5
6	51	47	1	3
7	54	42	1	2
8	58	39	1	2
9	48	46	1	3
10	50	44	1	2
11	51	43	1	1
12	52	42	1	5
13	58	37	1	1
14	56	38	1	2
15	53	40	1	2
16	57	37	1	2
17	54	39	1	4
18	50	42	1	3
19	58	36	1	3
20	52	40	1	2
21	59	35	1	1
22	51	40	1	6
23	55	37	1	3
24	45	45	1	2
25	49	41	1	1
26	50	40	1	3
27	60	33	1	3
28	44	43	1	5
29	48	39	1	3
30	49	38	1	2
31	53	35	1	3
32	56	33	1	2
33	44	42	1	1
34	56	33	1	1
35	51	36	1	3
36	54	34	1	5
37	52	35	1	4
38	55	33	1	2
39	45	40	1	4
40	50	36	1	2
41	51	35	1	3
42	48	37	1	2
43	44	40	1	1
44	50	35	1	3
45	53	33	1	3
46	46	38	1	2
47	47	37	1	1
48	51	34	1	3
49	54	32	1	2
50	59	29	1	4
51	53	32	1	4
52	47	36	1	1
53	56	30	1	2
54	42	40	1	5
55	48	35	1	2
56	49	34	1	2
57	45	37	1	3
58	46	36	1	4
59	59	28	1	4
60	41	40	1	1
61	42	39	1	2
62	43	38	1	4
63	48	34	1	4
64	47	34	1	6
65	42	38	1	1
66	59	27	1	4
67	48	33	1	4
68	45	35	1	4
69	49	32	1	4
70	56	28	1	5
71	60	26	1	1
72	42	37	1	4
73	47	33	1	5
74	53	29	1	5
75	59	26	1	3
76	45	34	1	6
77	40	38	1	2
78	46	33	1	2
79	41	37	1	4
80	56	27	1	3
81	48	31	1	3
82	45	33	1	2
83	53	28	1	1
84	39	38	1	1
85	57	26	1	2
86	39	38	1	4
87	40	37	1	2
88	49	30	1	6
89	43	34	1	4
90	44	33	1	1
91	50	29	1	2
92	48	30	1	2
93	60	24	1	4
94	42	34	1	4
95	46	31	1	4
96	49	29	1	2
97	43	33	1	4
98	47	30	1	5
99	38	37	1	3
100	52	27	1	2
101	39	36	1	3
102	45	31	1	4
103	58	24	1	3
104	48	29	1	2
105	60	23	1	6
106	46	30	1	1
107	51	27	1	4
108	55	25	1	3
109	38	36	1	1
110	39	35	1	3
111	44	31	1	3
112	59	23	1	4
113	52	26	1	3
114	50	27	1	5
115	42	32	1	4
116	37	36	1	5
117	38	35	1	4
118	39	34	1	4
119	41	32	1	3
120	45	29	1	4
121	48	27	1	3
122	36	36	1	2
123	37	35	1	1
124	40	32	1	2
125	36	35	1	3
126	50	25	1	7
127	40	31	1	2
128	59	21	1	3
129	41	30	1	1
130	49	25	1	3
131	37	33	1	4
132	53	23	1	6
133	58	21	1	3
134	42	29	1	3
135	38	32	1	3
136	39	31	1	1
137	48	25	1	2
138	46	26	1	7
139	35	34	1	3
140	44	27	1	6
141	36	33	1	4
142	37	32	1	1
143	38	31	1	7
144	49	24	1	2
145	51	23	1	4
146	43	27	1	3
147	34	34	1	5
148	35	33	1	1
149	41	28	1	4
150	38	30	1	7
151	54	21	1	1
152	39	29	1	1
153	45	25	1	2
154	40	28	1	1
155	37	30	1	3
156	48	23	1	2
157	58	19	1	5
158	50	22	1	2
159	39	28	1	3
160	42	26	1	3
161	39	28	1	1
162	34	32	1	3
163	47	23	1	3
164	45	24	1	3
165	40	27	1	3
166	36	30	1	4
167	40	27	1	3
168	49	22	1	4
169	37	29	1	3
170	38	28	1	3
171	46	23	1	5
172	33	32	1	1
173	34	31	1	6
174	39	27	1	6
175	50	21	1	3
176	35	30	1	2
177	55	19	1	2
178	36	29	1	1
179	37	28	1	3
180	57	18	1	5
181	41	25	1	2
182	32	32	1	2
183	33	31	1	2
184	60	17	1	5
185	35	29	1	4
186	39	26	1	3
187	46	22	1	4
188	44	23	1	2
189	36	28	1	4
190	48	21	1	3
191	42	24	1	3
192	40	25	1	3
193	37	27	1	5
194	55	18	1	1
195	43	23	1	2
196	41	24	1	1
197	36	27	1	2
198	57	17	1	1
199	37	26	1	2
200	31	31	1	4
201	32	30	1	2
202	40	24	1	3
203	33	29	1	2
204	34	28	1	2
205	50	19	1	3
206	36	26	1	4
207	39	24	1	3
208	32	29	1	3
209	44	21	1	5
210	46	20	1	2
211	38	24	1	2
212	35	26	1	2
213	53	17	1	2
214	30	30	1	1
215	36	25	1	4
216	60	15	1	3
217	36	25	1	4
218	30	30	1	2
219	50	18	1	2
220	31	29	1	2
221	32	28	1	4
222	47	19	1	6
223	33	27	1	2
224	49	18	1	2
225	40	22	1	4
226	55	16	1	2
227	35	25	1	2
228	46	19	1	2
229	38	23	1	2
230	46	19	1	2
231	30	29	1	2
232	31	28	1	3
233	51	17	1	4
234	32	27	1	1
235	48	18	1	3
236	41	21	1	4
237	43	20	1	4
238	33	26	1	3
239	39	22	1	4
240	37	23	1	1
241	34	25	1	4
242	56	15	1	1
243	38	22	1	1
244	32	26	1	4
245	52	16	1	4
246	46	18	1	3
247	33	25	1	3
248	39	21	1	2
249	34	24	1	3
250	37	22	1	3
251	30	27	1	3
252	45	18	1	3
253	31	26	1	4
254	32	25	1	4
255	47	17	1	6
256	38	21	1	2
257	42	19	1	1
258	38	21	1	1
259	33	24	1	4
260	44	18	1	2
261	36	22	1	4
262	29	27	1	3
263	34	23	1	5
264	30	26	1	2
265	41	19	1	1
266	37	21	1	4
267	43	18	1	5
268	32	24	1	2
269	45	17	1	1
270	38	20	1	2
271	33	23	1	2
272	42	18	1	5
273	29	26	1	2
274	47	16	1	2
275	50	15	1	1
276	30	25	1	2
277	34	22	1	2
278	57	13	1	3
279	37	20	1	1
280	41	18	1	6
281	32	23	1	2
282	49	15	1	2
283	33	22	1	5
284	30	24	1	7
285	36	20	1	5
286	45	16	1	3
287	40	18	1	4
288	34	21	1	4
289	42	17	1	2
290	31	23	1	3
291	47	15	1	4
292	44	16	1	5
293	37	19	1	2
294	54	13	1	3
295	27	26	1	2
296	54	13	1	1
297	28	25	1	2
298	35	20	1	4
299	28	25	1	3
300	29	24	1	2
301	30	23	1	1
302	46	15	1	3
303	30	23	1	2
304	34	20	1	5
305	45	15	1	3
306	27	25	1	1
307	28	24	1	4
308	32	21	1	2
309	28	24	1	5
310	39	17	1	3
311	55	12	1	2
312	44	15	1	2
313	33	20	1	3
314	41	16	1	3
315	31	21	1	3
316	26	25	1	6
317	36	18	1	2
318	34	19	1	1
319	32	20	1	3
320	29	22	1	3
321	45	14	1	3
322	37	17	1	3
323	33	19	1	3
324	25	25	1	2
325	27	23	1	6
326	28	22	1	2
327	38	16	1	1
328	32	19	1	4
329	25	24	1	5
330	50	12	1	2
331	30	20	1	8
332	25	24	1	4
333	26	23	1	4
334	27	22	1	4
335	58	10	1	1
336	29	20	1	6
337	34	17	1	5
338	36	16	1	2
339	32	18	1	7
340	36	16	1	2
341	25	23	1	2
342	44	13	1	5
343	52	11	1	1
344	26	22	1	2
345	44	13	1	2
346	52	11	1	1
347	30	19	1	3
348	33	17	1	3
349	40	14	1	1
350	43	13	1	3
351	31	18	1	2
352	46	12	1	4
353	34	16	1	3
354	32	17	1	4
355	45	12	1	4
356	49	11	1	3
357	28	19	1	3
358	38	14	1	1
359	28	19	1	4
360	24	22	1	2
361	48	11	1	4
362	31	17	1	2
363	29	18	1	4
364	26	20	1	3
365	40	13	1	3
366	37	14	1	3
367	27	19	1	3
368	32	16	1	2
369	30	17	1	1
370	46	11	1	3
371	24	21	1	4
372	36	14	1	5
373	42	12	1	5
374	36	14	1	3
375	25	20	1	1
376	31	16	1	2
377	33	15	1	3
378	26	19	1	7
379	29	17	1	2
380	35	14	1	3
381	49	10	1	4
382	24	20	1	2
383	30	16	1	2
384	32	15	1	1
385	30	16	1	3
386	28	17	1	2
387	36	13	1	2
388	39	12	1	1
389	31	15	1	3
390	27	17	1	2
391	38	12	1	2
392	24	19	1	1
393	35	13	1	2
394	25	18	1	3
395	45	10	1	4
396	25	18	1	2
397	30	15	1	2
398	37	12	1	1
399	26	17	1	4
400	44	10	1	3
401	23	19	1	5
402	29	15	1	4
403	27	16	1	3
404	36	12	1	3
405	24	18	1	3
406	21	20	1	4
407	35	12	1	2
408	21	20	1	3
409	22	19	1	1
410	38	11	1	4
411	26	16	1	1
412	37	11	1	3
413	29	14	1	3
414	27	15	1	1
415	40	10	1	4
416	22	18	1	3
417	28	14	1	2
418	23	17	1	4
419	26	15	1	4
420	30	13	1	2
421	26	15	1	1
422	24	16	1	4
423	29	13	1	2
424	22	17	1	2
425	31	12	1	3
426	23	16	1	3
427	33	11	1	2
428	19	19	1	3
429	24	15	1	4
430	21	17	1	3
431	32	11	1	1
432	25	14	1	3
433	23	15	1	1
434	31	11	1	4
435	20	17	1	3
436	24	14	1	3
437	22	15	1	2
438	18	18	1	3
439	27	12	1	2
440	19	17	1	1
441	23	14	1	4
442	32	10	1	1
443	21	15	1	3
444	24	13	1	2
445	31	10	1	5
446	22	14	1	3
447	28	11	1	2
448	22	14	1	3
449	28	11	1	2
450	25	12	1	2
451	20	15	1	3
452	23	13	1	2
453	19	15	1	2
454	28	10	1	2
455	17	16	1	3
456	26	10	1	5
457	16	16	1	3
458	19	13	1	3
459	16	15	1	4
460	17	14	1	4
461	19	12	1	3
462	15	15	1	4
463	17	13	1	2
464	22	10	1	3
465	18	12	1	3
466	15	14	1	2
467	16	13	1	3
468	20	10	1	1
469	15	13	1	3
470	14	13	1	2
471	15	12	1	2
472	16	11	1	2
473	17	10	1	2
474	13	13	1	2
475	14	12	1	1
476	15	11	1	2
477	12	11	1	2
