Mack/Bortfeldt(2008)
Bin-Packing-Problem
BP-RG/SBSBPP/SSSCSP
Testcase-ID	10
Problem-ID	125
no_item_types	599
no_items	1422
CONTAINER_DATA (l,w,h)	432	79	1
ITEMS_DATA:
Type	x	y	z	no_items
1	55	50	1	1
2	56	47	1	1
3	57	45	1	2
4	51	50	1	4
5	59	42	1	1
6	55	44	1	5
7	49	49	1	2
8	60	40	1	2
9	53	45	1	2
10	58	41	1	1
11	49	48	1	2
12	53	44	1	2
13	48	48	1	1
14	50	46	1	4
15	57	40	1	4
16	54	42	1	6
17	58	39	1	1
18	58	38	1	3
19	56	39	1	1
20	51	42	1	4
21	47	45	1	2
22	48	44	1	1
23	52	40	1	2
24	55	37	1	3
25	47	43	1	4
26	53	38	1	2
27	54	37	1	3
28	57	35	1	4
29	52	38	1	1
30	48	41	1	1
31	53	37	1	1
32	49	40	1	4
33	59	33	1	1
34	54	36	1	4
35	57	34	1	3
36	46	42	1	2
37	52	37	1	3
38	60	32	1	2
39	44	43	1	1
40	57	33	1	1
41	48	39	1	4
42	55	34	1	3
43	60	31	1	5
44	58	32	1	2
45	50	37	1	4
46	56	33	1	1
47	45	41	1	3
48	46	40	1	2
49	51	36	1	1
50	47	39	1	5
51	59	31	1	1
52	48	38	1	3
53	52	35	1	2
54	55	33	1	2
55	49	37	1	1
56	53	34	1	2
57	50	36	1	3
58	58	31	1	3
59	46	39	1	2
60	47	38	1	1
61	57	31	1	2
62	55	32	1	2
63	50	35	1	3
64	46	38	1	1
65	48	36	1	3
66	43	40	1	2
67	44	39	1	1
68	57	30	1	1
69	45	38	1	3
70	55	31	1	2
71	46	37	1	1
72	53	32	1	2
73	42	40	1	2
74	56	30	1	1
75	54	31	1	3
76	44	38	1	2
77	49	34	1	2
78	57	29	1	1
79	50	33	1	2
80	47	35	1	1
81	42	39	1	1
82	43	38	1	3
83	44	37	1	1
84	49	33	1	2
85	41	39	1	2
86	47	34	1	2
87	42	38	1	2
88	43	37	1	2
89	48	33	1	3
90	44	36	1	2
91	48	33	1	2
92	54	29	1	1
93	58	27	1	3
94	40	39	1	6
95	41	38	1	2
96	42	37	1	3
97	43	36	1	2
98	44	35	1	2
99	57	27	1	1
100	45	34	1	1
101	39	39	1	2
102	40	38	1	2
103	49	31	1	3
104	46	33	1	1
105	41	37	1	3
106	43	35	1	1
107	47	32	1	2
108	44	34	1	3
109	45	33	1	3
110	53	28	1	4
111	39	38	1	3
112	42	35	1	3
113	49	30	1	2
114	43	34	1	3
115	54	27	1	3
116	44	33	1	1
117	38	38	1	1
118	39	37	1	1
119	45	32	1	2
120	41	35	1	2
121	55	26	1	1
122	42	34	1	2
123	49	29	1	4
124	43	33	1	2
125	44	32	1	2
126	39	36	1	2
127	54	26	1	2
128	39	36	1	1
129	50	28	1	4
130	56	25	1	2
131	48	29	1	2
132	46	30	1	1
133	49	28	1	2
134	38	36	1	4
135	47	29	1	1
136	40	34	1	1
137	45	30	1	1
138	56	24	1	2
139	58	23	1	1
140	46	29	1	4
141	38	35	1	2
142	39	34	1	6
143	51	26	1	2
144	39	34	1	5
145	49	27	1	3
146	60	22	1	1
147	40	33	1	1
148	41	32	1	4
149	42	31	1	2
150	59	22	1	4
151	54	24	1	1
152	36	36	1	1
153	54	24	1	2
154	43	30	1	1
155	56	23	1	1
156	39	33	1	1
157	40	32	1	3
158	58	22	1	2
159	44	29	1	2
160	49	26	1	1
161	53	24	1	4
162	36	35	1	2
163	42	30	1	2
164	36	35	1	2
165	52	24	1	3
166	39	32	1	4
167	43	29	1	3
168	46	27	1	1
169	40	31	1	4
170	59	21	1	2
171	37	33	1	3
172	58	21	1	1
173	38	32	1	1
174	45	27	1	2
175	55	22	1	4
176	40	30	1	2
177	48	25	1	2
178	52	23	1	3
179	35	34	1	3
180	36	33	1	3
181	37	32	1	3
182	38	31	1	1
183	49	24	1	2
184	39	30	1	2
185	53	22	1	5
186	43	27	1	1
187	40	29	1	2
188	57	20	1	3
189	38	30	1	3
190	42	27	1	3
191	39	29	1	3
192	34	33	1	1
193	56	20	1	2
194	35	32	1	2
195	43	26	1	3
196	36	31	1	3
197	53	21	1	3
198	46	24	1	1
199	38	29	1	5
200	50	22	1	3
201	44	25	1	2
202	50	22	1	1
203	52	21	1	4
204	42	26	1	3
205	39	28	1	2
206	42	26	1	1
207	52	21	1	2
208	34	32	1	4
209	35	31	1	5
210	47	23	1	1
211	45	24	1	2
212	60	18	1	1
213	36	30	1	2
214	49	22	1	4
215	37	29	1	1
216	51	21	1	4
217	41	26	1	2
218	59	18	1	4
219	46	23	1	6
220	48	22	1	3
221	35	30	1	2
222	36	29	1	4
223	40	26	1	4
224	52	20	1	2
225	47	22	1	2
226	43	24	1	2
227	38	27	1	2
228	33	31	1	1
229	34	30	1	2
230	51	20	1	2
231	35	29	1	4
232	39	26	1	1
233	44	23	1	4
234	56	18	1	4
235	48	21	1	1
236	36	28	1	2
237	48	21	1	3
238	59	17	1	1
239	50	20	1	1
240	40	25	1	1
241	37	27	1	2
242	32	31	1	3
243	45	22	1	3
244	43	23	1	5
245	52	19	1	1
246	58	17	1	2
247	41	24	1	7
248	49	20	1	4
249	39	25	1	3
250	36	27	1	1
251	51	19	1	1
252	44	22	1	1
253	42	23	1	4
254	31	31	1	4
255	32	30	1	1
256	34	28	1	3
257	38	25	1	3
258	50	19	1	6
259	38	25	1	1
260	43	22	1	1
261	41	23	1	3
262	55	17	1	2
263	33	28	1	1
264	44	21	1	3
265	33	28	1	3
266	46	20	1	5
267	40	23	1	5
268	46	20	1	3
269	34	27	1	3
270	38	24	1	2
271	48	19	1	2
272	43	21	1	3
273	30	30	1	1
274	36	25	1	4
275	31	29	1	2
276	39	23	1	2
277	47	19	1	5
278	33	27	1	1
279	37	24	1	1
280	42	21	1	4
281	49	18	1	2
282	44	20	1	3
283	35	25	1	2
284	46	19	1	2
285	38	23	1	4
286	30	29	1	1
287	51	17	1	2
288	48	18	1	2
289	36	24	1	2
290	32	27	1	3
291	41	21	1	3
292	33	26	1	2
293	34	25	1	4
294	50	17	1	2
295	34	25	1	3
296	50	17	1	4
297	56	15	1	1
298	35	24	1	4
299	40	21	1	2
300	30	28	1	1
301	31	27	1	3
302	38	22	1	1
303	49	17	1	2
304	36	23	1	1
305	59	14	1	1
306	33	25	1	1
307	29	28	1	3
308	58	14	1	1
309	29	28	1	3
310	30	27	1	2
311	45	18	1	3
312	31	26	1	2
313	35	23	1	2
314	32	25	1	1
315	47	17	1	1
316	57	14	1	4
317	38	21	1	2
318	57	14	1	2
319	53	15	1	2
320	44	18	1	2
321	33	24	1	3
322	44	18	1	2
323	49	16	1	4
324	34	23	1	1
325	46	17	1	1
326	30	26	1	2
327	39	20	1	1
328	41	19	1	1
329	31	25	1	1
330	43	18	1	3
331	32	24	1	2
332	38	20	1	3
333	40	19	1	3
334	38	20	1	4
335	33	23	1	1
336	36	21	1	3
337	28	27	1	1
338	36	21	1	3
339	29	26	1	2
340	30	25	1	1
341	44	17	1	3
342	31	24	1	1
343	53	14	1	2
344	37	20	1	3
345	41	18	1	1
346	46	16	1	2
347	49	15	1	1
348	35	21	1	2
349	33	22	1	1
350	29	25	1	3
351	38	19	1	2
352	45	16	1	3
353	30	24	1	3
354	42	17	1	5
355	34	21	1	3
356	42	17	1	3
357	34	21	1	5
358	31	23	1	5
359	47	15	1	2
360	32	22	1	1
361	37	19	1	5
362	39	18	1	1
363	27	26	1	2
364	35	20	1	1
365	41	17	1	3
366	29	24	1	2
367	30	23	1	2
368	43	16	1	2
369	49	14	1	1
370	36	19	1	1
371	40	17	1	3
372	34	20	1	2
373	52	13	1	5
374	45	15	1	1
375	27	25	1	2
376	45	15	1	1
377	27	25	1	2
378	45	15	1	3
379	32	21	1	1
380	42	16	1	2
381	29	23	1	1
382	37	18	1	3
383	35	19	1	1
384	39	17	1	4
385	33	20	1	2
386	60	11	1	1
387	31	21	1	1
388	50	13	1	4
389	26	25	1	2
390	54	12	1	1
391	38	17	1	1
392	43	15	1	2
393	46	14	1	3
394	32	20	1	3
395	40	16	1	3
396	58	11	1	2
397	49	13	1	1
398	35	18	1	3
399	45	14	1	2
400	30	21	1	5
401	35	18	1	3
402	45	14	1	5
403	42	15	1	2
404	33	19	1	3
405	25	25	1	2
406	39	16	1	3
407	31	20	1	2
408	28	22	1	2
409	44	14	1	3
410	28	22	1	4
411	34	18	1	3
412	36	17	1	3
413	29	21	1	6
414	55	11	1	3
415	43	14	1	2
416	50	12	1	1
417	46	13	1	1
418	35	17	1	2
419	33	18	1	3
420	27	22	1	7
421	37	16	1	2
422	31	19	1	2
423	42	14	1	2
424	28	21	1	3
425	53	11	1	1
426	34	17	1	1
427	32	18	1	1
428	48	12	1	2
429	32	18	1	3
430	24	24	1	2
431	36	16	1	3
432	25	23	1	3
433	41	14	1	1
434	26	22	1	4
435	30	19	1	2
436	38	15	1	1
437	27	21	1	1
438	47	12	1	1
439	33	17	1	3
440	51	11	1	3
441	35	16	1	5
442	28	20	1	1
443	35	16	1	1
444	28	20	1	3
445	35	16	1	2
446	29	19	1	2
447	55	10	1	1
448	50	11	1	2
449	25	22	1	2
450	42	13	1	4
451	26	21	1	4
452	34	16	1	4
453	36	15	1	1
454	30	18	1	3
455	27	20	1	1
456	36	15	1	1
457	27	20	1	6
458	41	13	1	1
459	28	19	1	3
460	23	23	1	6
461	44	12	1	4
462	24	22	1	3
463	48	11	1	1
464	35	15	1	2
465	29	18	1	3
466	37	14	1	1
467	43	12	1	4
468	30	17	1	6
469	23	22	1	1
470	36	14	1	1
471	28	18	1	5
472	24	21	1	4
473	25	20	1	1
474	31	16	1	2
475	38	13	1	3
476	29	17	1	1
477	35	14	1	1
478	27	18	1	2
479	23	21	1	1
480	24	20	1	3
481	48	10	1	2
482	32	15	1	1
483	24	20	1	2
484	30	16	1	2
485	28	17	1	2
486	25	19	1	2
487	26	18	1	1
488	39	12	1	2
489	31	15	1	2
490	22	21	1	1
491	42	11	1	2
492	46	10	1	3
493	23	20	1	1
494	27	17	1	2
495	30	15	1	3
496	25	18	1	1
497	28	16	1	3
498	37	12	1	3
499	22	20	1	1
500	44	10	1	2
501	23	19	1	4
502	29	15	1	2
503	27	16	1	6
504	33	13	1	2
505	25	17	1	3
506	35	12	1	2
507	21	20	1	1
508	22	19	1	2
509	26	16	1	1
510	32	13	1	2
511	23	18	1	3
512	41	10	1	3
513	37	11	1	3
514	29	14	1	2
515	27	15	1	1
516	31	13	1	3
517	20	20	1	2
518	21	19	1	4
519	33	12	1	3
520	22	18	1	4
521	33	12	1	1
522	22	18	1	3
523	33	12	1	2
524	28	14	1	2
525	39	10	1	1
526	26	15	1	2
527	35	11	1	3
528	24	16	1	5
529	38	10	1	1
530	22	17	1	1
531	31	12	1	4
532	37	10	1	1
533	23	16	1	3
534	26	14	1	4
535	28	13	1	5
536	19	19	1	2
537	20	18	1	1
538	24	15	1	1
539	20	18	1	4
540	24	15	1	2
541	20	18	1	1
542	21	17	1	2
543	22	16	1	2
544	32	11	1	2
545	22	16	1	5
546	27	13	1	2
547	25	14	1	3
548	29	12	1	2
549	23	15	1	2
550	19	18	1	4
551	21	16	1	3
552	33	10	1	2
553	22	15	1	3
554	18	18	1	1
555	19	17	1	4
556	20	16	1	2
557	29	11	1	4
558	21	15	1	3
559	24	13	1	4
560	25	12	1	2
561	23	13	1	1
562	21	14	1	5
563	22	13	1	1
564	19	15	1	1
565	20	14	1	2
566	23	12	1	4
567	25	11	1	2
568	21	13	1	3
569	27	10	1	3
570	18	15	1	2
571	19	14	1	3
572	22	12	1	1
573	20	13	1	1
574	17	15	1	3
575	18	14	1	4
576	21	12	1	1
577	18	14	1	2
578	21	12	1	4
579	18	14	1	3
580	22	11	1	1
581	24	10	1	1
582	16	15	1	1
583	24	10	1	1
584	16	15	1	1
585	18	13	1	1
586	21	11	1	2
587	19	12	1	3
588	15	15	1	1
589	16	14	1	1
590	15	14	1	4
591	21	10	1	5
592	16	13	1	2
593	17	12	1	3
594	18	11	1	3
595	19	10	1	4
596	17	10	1	5
597	14	11	1	2
598	15	10	1	2
599	14	10	1	3
