Mack/Bortfeldt(2008)
Bin-Packing-Problem
BP-RG/SBSBPP/SSSCSP
Testcase-ID	10
Problem-ID	84
no_item_types	329
no_items	1408
CONTAINER_DATA (l,w,h)	432	79	1
ITEMS_DATA:
Type	x	y	z	no_items
1	56	47	1	5
2	54	47	1	6
3	50	46	1	4
4	60	38	1	2
5	51	44	1	8
6	59	38	1	4
7	47	47	1	5
8	47	46	1	3
9	54	40	1	6
10	50	43	1	8
11	55	39	1	6
12	48	44	1	5
13	49	43	1	2
14	54	39	1	3
15	47	44	1	6
16	53	38	1	4
17	51	39	1	2
18	47	42	1	3
19	58	34	1	4
20	59	33	1	4
21	54	36	1	9
22	49	39	1	1
23	54	35	1	4
24	45	42	1	3
25	59	32	1	2
26	48	39	1	3
27	52	36	1	4
28	56	33	1	5
29	59	31	1	5
30	49	37	1	3
31	53	34	1	2
32	58	31	1	5
33	47	38	1	7
34	51	35	1	3
35	54	33	1	5
36	48	37	1	3
37	52	33	1	9
38	45	38	1	5
39	47	36	1	7
40	48	35	1	3
41	45	37	1	4
42	46	36	1	2
43	47	35	1	8
44	48	34	1	7
45	42	38	1	5
46	55	29	1	4
47	43	37	1	4
48	44	36	1	4
49	40	39	1	5
50	47	33	1	6
51	44	35	1	3
52	57	27	1	4
53	45	34	1	4
54	39	39	1	1
55	41	37	1	6
56	40	37	1	4
57	47	31	1	5
58	39	37	1	4
59	51	28	1	2
60	46	31	1	8
61	59	24	1	5
62	47	30	1	6
63	44	32	1	2
64	54	26	1	4
65	40	35	1	8
66	41	34	1	2
67	48	29	1	3
68	58	24	1	6
69	48	29	1	2
70	60	23	1	3
71	51	27	1	5
72	39	35	1	3
73	40	34	1	4
74	38	35	1	3
75	40	33	1	5
76	44	30	1	5
77	57	23	1	6
78	52	25	1	4
79	36	36	1	7
80	38	34	1	4
81	55	23	1	3
82	45	28	1	2
83	38	33	1	7
84	48	26	1	3
85	46	27	1	5
86	59	21	1	5
87	35	35	1	5
88	47	26	1	2
89	37	33	1	4
90	39	31	1	7
91	60	20	1	5
92	48	25	1	1
93	57	21	1	4
94	46	26	1	6
95	41	29	1	6
96	36	33	1	4
97	38	31	1	5
98	49	24	1	3
99	55	21	1	5
100	46	25	1	3
101	42	27	1	5
102	59	19	1	6
103	37	30	1	1
104	48	23	1	2
105	46	24	1	6
106	38	29	1	4
107	44	25	1	2
108	39	28	1	2
109	35	31	1	3
110	49	22	1	5
111	37	29	1	2
112	38	28	1	8
113	46	23	1	4
114	39	27	1	5
115	35	30	1	4
116	40	26	1	9
117	37	28	1	5
118	38	27	1	1
119	35	29	1	2
120	39	26	1	2
121	46	22	1	7
122	48	21	1	4
123	32	31	1	4
124	55	18	1	7
125	45	22	1	7
126	38	26	1	4
127	41	24	1	1
128	39	25	1	6
129	57	17	1	5
130	40	24	1	4
131	32	30	1	4
132	33	29	1	6
133	38	25	1	5
134	45	21	1	4
135	35	27	1	5
136	36	26	1	5
137	37	25	1	5
138	33	28	1	3
139	44	21	1	2
140	34	27	1	6
141	51	18	1	3
142	38	24	1	7
143	35	26	1	6
144	43	21	1	3
145	45	20	1	5
146	36	25	1	2
147	31	29	1	3
148	47	19	1	7
149	34	26	1	9
150	40	22	1	3
151	55	16	1	3
152	40	22	1	8
153	46	19	1	7
154	30	29	1	3
155	32	27	1	5
156	33	26	1	10
157	35	24	1	8
158	42	20	1	9
159	38	22	1	1
160	49	17	1	2
161	30	27	1	3
162	31	26	1	6
163	35	23	1	4
164	50	16	1	5
165	32	25	1	3
166	40	20	1	5
167	38	21	1	3
168	36	22	1	2
169	34	23	1	4
170	30	26	1	5
171	37	21	1	2
172	31	25	1	2
173	43	18	1	5
174	35	22	1	4
175	48	16	1	4
176	51	15	1	3
177	40	19	1	2
178	36	21	1	5
179	42	18	1	2
180	54	14	1	6
181	47	16	1	4
182	34	22	1	6
183	57	13	1	4
184	37	20	1	5
185	41	18	1	8
186	49	15	1	1
187	28	26	1	5
188	29	25	1	7
189	45	16	1	3
190	30	24	1	5
191	40	18	1	3
192	34	21	1	2
193	31	23	1	3
194	37	19	1	3
195	39	18	1	4
196	35	20	1	4
197	28	25	1	7
198	29	24	1	3
199	33	21	1	7
200	30	23	1	6
201	38	18	1	2
202	57	12	1	3
203	31	22	1	2
204	28	24	1	4
205	42	16	1	3
206	28	24	1	5
207	29	23	1	4
208	35	19	1	2
209	26	25	1	2
210	36	18	1	4
211	46	14	1	3
212	32	20	1	4
213	53	12	1	1
214	45	14	1	6
215	37	17	1	3
216	39	16	1	4
217	26	24	1	4
218	48	13	1	1
219	31	20	1	4
220	28	22	1	5
221	36	17	1	5
222	34	18	1	3
223	38	16	1	3
224	32	19	1	5
225	27	22	1	5
226	37	16	1	5
227	31	19	1	6
228	28	21	1	4
229	45	13	1	4
230	29	20	1	3
231	36	16	1	5
232	32	18	1	3
233	36	16	1	3
234	48	12	1	2
235	41	14	1	3
236	30	19	1	5
237	38	15	1	2
238	31	18	1	3
239	37	15	1	1
240	29	19	1	3
241	26	21	1	7
242	42	13	1	4
243	28	19	1	5
244	24	22	1	7
245	44	12	1	5
246	25	21	1	6
247	40	13	1	6
248	26	20	1	3
249	34	15	1	4
250	42	12	1	5
251	28	18	1	4
252	36	14	1	5
253	25	20	1	6
254	49	10	1	4
255	35	14	1	5
256	30	16	1	4
257	40	12	1	3
258	28	17	1	6
259	25	19	1	3
260	43	11	1	1
261	26	18	1	7
262	36	13	1	3
263	31	15	1	6
264	29	16	1	4
265	33	14	1	4
266	23	20	1	5
267	46	10	1	3
268	27	17	1	2
269	24	19	1	3
270	30	15	1	7
271	32	14	1	5
272	28	16	1	5
273	32	14	1	5
274	28	16	1	6
275	26	17	1	5
276	34	13	1	2
277	40	11	1	3
278	22	20	1	7
279	25	17	1	4
280	22	19	1	5
281	34	12	1	6
282	24	17	1	3
283	20	20	1	2
284	21	19	1	4
285	22	18	1	5
286	33	12	1	1
287	22	18	1	3
288	23	17	1	3
289	26	15	1	6
290	24	16	1	5
291	20	19	1	4
292	27	14	1	4
293	28	13	1	5
294	26	14	1	5
295	28	13	1	5
296	19	19	1	6
297	22	16	1	3
298	35	10	1	8
299	20	17	1	2
300	24	14	1	2
301	21	16	1	4
302	30	11	1	6
303	22	15	1	4
304	33	10	1	3
305	25	13	1	5
306	27	12	1	4
307	29	11	1	5
308	21	15	1	3
309	24	13	1	5
310	31	10	1	8
311	28	11	1	3
312	22	14	1	4
313	19	16	1	6
314	23	13	1	7
315	21	14	1	3
316	17	17	1	5
317	19	15	1	5
318	20	14	1	4
319	22	12	1	1
320	24	11	1	2
321	20	13	1	3
322	17	15	1	3
323	23	11	1	6
324	19	13	1	2
325	22	11	1	3
326	19	12	1	6
327	16	14	1	6
328	20	10	1	2
329	14	11	1	4
