Mack/Bortfeldt(2008)
Bin-Packing-Problem
BP-RG/SBSBPP/SSSCSP
Testcase-ID	10
Problem-ID	92
no_item_types	418
no_items	1401
CONTAINER_DATA (l,w,h)	432	79	1
ITEMS_DATA:
Type	x	y	z	no_items
1	57	46	1	1
2	55	46	1	3
3	51	49	1	3
4	54	45	1	4
5	58	41	1	1
6	60	39	1	1
7	59	39	1	2
8	56	41	1	5
9	60	38	1	3
10	59	37	1	4
11	53	40	1	3
12	54	38	1	3
13	58	35	1	4
14	46	44	1	2
15	56	36	1	4
16	50	40	1	5
17	54	37	1	4
18	51	39	1	3
19	60	33	1	4
20	47	42	1	5
21	48	41	1	2
22	53	37	1	1
23	54	36	1	3
24	48	40	1	2
25	60	32	1	3
26	54	35	1	5
27	59	32	1	4
28	47	40	1	4
29	52	36	1	3
30	58	32	1	4
31	53	35	1	1
32	44	42	1	4
33	48	38	1	3
34	52	35	1	3
35	49	37	1	6
36	45	40	1	5
37	60	30	1	4
38	56	32	1	3
39	59	30	1	4
40	45	39	1	2
41	46	38	1	4
42	60	29	1	3
43	58	30	1	3
44	48	36	1	5
45	49	35	1	4
46	59	29	1	1
47	57	30	1	3
48	47	36	1	1
49	51	33	1	3
50	43	39	1	4
51	54	31	1	3
52	49	34	1	3
53	45	37	1	7
54	54	30	1	4
55	49	33	1	5
56	52	31	1	3
57	41	39	1	1
58	48	33	1	4
59	58	27	1	2
60	46	34	1	5
61	40	39	1	2
62	41	38	1	3
63	47	33	1	4
64	43	36	1	3
65	57	27	1	3
66	53	29	1	2
67	45	34	1	3
68	49	31	1	2
69	41	37	1	1
70	56	27	1	3
71	43	35	1	5
72	47	32	1	2
73	44	34	1	2
74	45	33	1	3
75	40	37	1	3
76	51	29	1	3
77	43	34	1	2
78	56	26	1	4
79	44	33	1	4
80	50	29	1	3
81	41	35	1	4
82	57	25	1	3
83	49	29	1	2
84	43	33	1	1
85	47	30	1	2
86	44	32	1	5
87	50	28	1	3
88	40	35	1	2
89	45	31	1	1
90	41	34	1	6
91	48	29	1	5
92	46	30	1	6
93	43	32	1	3
94	49	28	1	5
95	37	37	1	3
96	38	36	1	2
97	40	34	1	3
98	41	33	1	5
99	45	30	1	2
100	56	24	1	3
101	42	32	1	2
102	46	29	1	2
103	43	31	1	5
104	37	36	1	5
105	38	35	1	1
106	39	34	1	3
107	53	25	1	7
108	49	27	1	2
109	45	29	1	6
110	50	26	1	2
111	38	34	1	2
112	39	33	1	1
113	41	31	1	4
114	47	27	1	3
115	45	28	1	3
116	42	30	1	5
117	36	35	1	7
118	42	30	1	5
119	36	35	1	5
120	37	34	1	4
121	38	33	1	4
122	54	23	1	2
123	40	31	1	4
124	44	28	1	1
125	35	35	1	4
126	36	34	1	1
127	47	26	1	5
128	37	33	1	2
129	42	29	1	4
130	52	23	1	1
131	54	22	1	3
132	47	25	1	4
133	40	29	1	1
134	34	34	1	5
135	48	24	1	3
136	50	23	1	3
137	46	25	1	4
138	52	22	1	1
139	57	20	1	3
140	47	24	1	2
141	34	33	1	2
142	51	22	1	4
143	56	20	1	3
144	35	32	1	1
145	40	28	1	4
146	35	32	1	6
147	56	20	1	7
148	43	26	1	3
149	37	30	1	3
150	38	29	1	4
151	55	20	1	3
152	50	22	1	2
153	52	21	1	4
154	39	28	1	2
155	42	26	1	3
156	36	30	1	1
157	54	20	1	2
158	43	25	1	3
159	33	32	1	1
160	34	31	1	3
161	39	27	1	6
162	35	30	1	6
163	55	19	1	2
164	58	18	1	4
165	36	29	1	3
166	37	28	1	2
167	47	22	1	2
168	60	17	1	2
169	35	29	1	3
170	39	26	1	3
171	46	22	1	3
172	36	28	1	5
173	53	19	1	3
174	50	20	1	5
175	32	31	1	3
176	35	28	1	3
177	39	25	1	3
178	36	27	1	1
179	46	21	1	4
180	37	26	1	3
181	60	16	1	7
182	32	30	1	4
183	40	24	1	6
184	38	25	1	2
185	43	22	1	2
186	35	27	1	2
187	36	26	1	3
188	39	24	1	4
189	36	26	1	2
190	49	19	1	3
191	31	30	1	4
192	32	29	1	2
193	37	25	1	2
194	44	21	1	6
195	46	20	1	3
196	35	26	1	8
197	43	21	1	4
198	36	25	1	2
199	50	18	1	3
200	36	25	1	3
201	60	15	1	3
202	39	23	1	4
203	32	28	1	4
204	34	26	1	2
205	35	25	1	3
206	46	19	1	2
207	51	17	1	3
208	36	24	1	5
209	32	27	1	4
210	41	21	1	5
211	43	20	1	5
212	33	26	1	3
213	45	19	1	3
214	37	23	1	4
215	34	25	1	2
216	53	16	1	3
217	42	20	1	3
218	40	21	1	4
219	30	28	1	3
220	44	19	1	2
221	38	22	1	4
222	32	26	1	4
223	39	21	1	2
224	54	15	1	2
225	50	16	1	4
226	38	21	1	3
227	53	15	1	2
228	36	22	1	4
229	33	24	1	1
230	36	22	1	3
231	49	16	1	3
232	29	27	1	4
233	52	15	1	4
234	41	19	1	5
235	31	25	1	6
236	35	22	1	1
237	48	16	1	4
238	59	13	1	7
239	45	17	1	3
240	51	15	1	5
241	40	19	1	1
242	38	20	1	3
243	40	19	1	2
244	33	23	1	5
245	36	21	1	6
246	54	14	1	6
247	29	26	1	3
248	50	15	1	7
249	37	20	1	3
250	32	23	1	6
251	46	16	1	3
252	35	21	1	2
253	43	17	1	3
254	56	13	1	2
255	28	26	1	6
256	38	19	1	4
257	48	15	1	7
258	45	16	1	3
259	36	20	1	4
260	42	17	1	4
261	51	14	1	2
262	32	22	1	2
263	44	16	1	4
264	54	13	1	3
265	35	20	1	3
266	28	25	1	5
267	29	24	1	5
268	33	21	1	2
269	38	18	1	3
270	31	22	1	4
271	40	17	1	3
272	34	20	1	3
273	52	13	1	2
274	27	25	1	2
275	45	15	1	3
276	32	21	1	6
277	37	18	1	5
278	35	19	1	4
279	33	20	1	6
280	30	22	1	1
281	33	20	1	1
282	47	14	1	2
283	27	24	1	6
284	54	12	1	2
285	38	17	1	5
286	34	19	1	1
287	43	15	1	5
288	45	14	1	4
289	35	18	1	2
290	26	24	1	6
291	48	13	1	1
292	31	20	1	6
293	44	14	1	5
294	56	11	1	3
295	47	13	1	2
296	29	21	1	1
297	43	14	1	6
298	40	15	1	3
299	30	20	1	2
300	26	23	1	2
301	35	17	1	1
302	33	18	1	4
303	27	22	1	3
304	37	16	1	5
305	31	19	1	3
306	28	21	1	5
307	39	15	1	5
308	45	13	1	2
309	29	20	1	3
310	32	18	1	4
311	36	16	1	2
312	32	18	1	3
313	36	16	1	2
314	25	23	1	1
315	41	14	1	4
316	26	22	1	3
317	38	15	1	3
318	35	16	1	6
319	28	20	1	3
320	35	16	1	2
321	28	20	1	5
322	31	18	1	1
323	25	22	1	3
324	42	13	1	4
325	26	21	1	3
326	32	17	1	3
327	30	18	1	3
328	36	15	1	5
329	38	14	1	2
330	35	15	1	2
331	26	20	1	6
332	40	13	1	6
333	37	14	1	3
334	32	16	1	4
335	30	17	1	4
336	50	10	1	4
337	25	20	1	3
338	33	15	1	2
339	23	21	1	4
340	37	13	1	3
341	30	16	1	1
342	34	14	1	3
343	28	17	1	2
344	25	19	1	2
345	36	13	1	2
346	31	15	1	3
347	29	16	1	4
348	22	21	1	4
349	27	17	1	4
350	30	15	1	2
351	26	17	1	3
352	34	13	1	5
353	22	20	1	3
354	29	15	1	4
355	27	16	1	3
356	36	12	1	5
357	33	13	1	3
358	42	10	1	2
359	35	12	1	2
360	30	14	1	6
361	41	10	1	5
362	24	17	1	3
363	31	13	1	1
364	20	20	1	2
365	21	19	1	5
366	33	12	1	5
367	22	18	1	5
368	23	17	1	2
369	39	10	1	3
370	30	13	1	1
371	35	11	1	3
372	32	12	1	3
373	24	16	1	7
374	29	13	1	5
375	25	15	1	5
376	22	17	1	2
377	31	12	1	6
378	28	13	1	4
379	26	14	1	6
380	36	10	1	3
381	24	15	1	3
382	32	11	1	2
383	22	16	1	4
384	27	13	1	5
385	31	11	1	4
386	27	12	1	3
387	18	18	1	4
388	29	11	1	3
389	21	15	1	3
390	26	12	1	4
391	22	14	1	3
392	28	11	1	4
393	19	16	1	2
394	18	16	1	3
395	24	12	1	3
396	18	16	1	6
397	26	11	1	1
398	19	15	1	3
399	20	14	1	3
400	17	16	1	4
401	18	15	1	1
402	27	10	1	3
403	18	15	1	2
404	19	14	1	4
405	24	11	1	2
406	26	10	1	4
407	16	16	1	3
408	18	14	1	5
409	19	13	1	2
410	22	11	1	5
411	20	12	1	3
412	21	11	1	1
413	23	10	1	2
414	17	13	1	4
415	15	14	1	7
416	18	11	1	4
417	14	14	1	6
418	16	10	1	1
