Mack/Bortfeldt(2008)
Bin-Packing-Problem
BP-RG/SBSBPP/SSSCSP
Testcase-ID	10
Problem-ID	113
no_item_types	544
no_items	1402
CONTAINER_DATA (l,w,h)	432	79	1
ITEMS_DATA:
Type	x	y	z	no_items
1	59	47	1	2
2	57	47	1	2
3	60	44	1	2
4	53	49	1	2
5	59	44	1	4
6	51	50	1	2
7	54	47	1	1
8	56	44	1	3
9	50	49	1	2
10	54	45	1	3
11	59	40	1	3
12	50	47	1	1
13	51	46	1	2
14	58	40	1	3
15	58	39	1	4
16	49	45	1	4
17	56	39	1	3
18	53	41	1	2
19	47	46	1	1
20	51	42	1	3
21	48	44	1	3
22	55	38	1	2
23	58	36	1	3
24	46	45	1	4
25	46	44	1	4
26	53	38	1	1
27	49	41	1	4
28	50	40	1	2
29	54	37	1	3
30	51	39	1	2
31	45	44	1	3
32	46	43	1	2
33	53	37	1	4
34	56	35	1	2
35	49	39	1	3
36	53	36	1	3
37	56	34	1	2
38	44	43	1	4
39	46	41	1	2
40	48	39	1	3
41	52	36	1	2
42	58	32	1	2
43	53	35	1	1
44	50	37	1	3
45	45	41	1	1
46	46	40	1	2
47	54	34	1	1
48	51	36	1	2
49	57	32	1	6
50	48	38	1	1
51	55	33	1	2
52	49	37	1	4
53	43	42	1	3
54	54	33	1	4
55	52	34	1	3
56	49	36	1	1
57	43	41	1	3
58	55	32	1	2
59	53	33	1	2
60	56	31	1	2
61	48	36	1	4
62	42	41	1	3
63	52	33	1	2
64	49	35	1	1
65	57	30	1	2
66	53	32	1	1
67	47	36	1	4
68	42	40	1	3
69	56	30	1	2
70	43	39	1	1
71	45	37	1	1
72	52	32	1	2
73	46	36	1	2
74	57	29	1	1
75	42	39	1	2
76	43	38	1	2
77	44	37	1	6
78	58	28	1	2
79	60	27	1	2
80	50	32	1	2
81	47	34	1	1
82	44	36	1	3
83	48	33	1	1
84	49	32	1	2
85	58	27	1	2
86	40	39	1	3
87	60	26	1	1
88	42	37	1	2
89	43	36	1	4
90	48	32	1	4
91	49	31	1	2
92	42	36	1	4
93	43	35	1	3
94	44	34	1	2
95	48	31	1	4
96	45	33	1	2
97	53	28	1	1
98	40	37	1	1
99	41	36	1	3
100	59	25	1	5
101	46	32	1	1
102	42	35	1	3
103	43	34	1	4
104	47	31	1	2
105	50	29	1	2
106	41	35	1	4
107	53	27	1	2
108	55	26	1	2
109	46	31	1	5
110	57	25	1	4
111	40	35	1	3
112	50	28	1	2
113	42	33	1	1
114	46	30	1	1
115	60	23	1	2
116	46	30	1	3
117	49	28	1	3
118	37	37	1	2
119	52	26	1	2
120	50	27	1	4
121	56	24	1	2
122	42	32	1	1
123	48	28	1	1
124	46	29	1	3
125	43	31	1	4
126	38	35	1	1
127	51	26	1	4
128	49	27	1	3
129	41	32	1	6
130	59	22	1	2
131	36	36	1	2
132	40	32	1	2
133	44	29	1	2
134	49	26	1	7
135	47	27	1	2
136	45	28	1	2
137	36	35	1	3
138	42	30	1	2
139	38	33	1	5
140	50	25	1	2
141	43	29	1	2
142	54	23	1	3
143	59	21	1	3
144	44	28	1	1
145	51	24	1	3
146	37	33	1	3
147	58	21	1	4
148	39	31	1	3
149	43	28	1	5
150	48	25	1	2
151	50	24	1	5
152	35	34	1	1
153	36	33	1	1
154	44	27	1	4
155	56	21	1	3
156	45	26	1	2
157	39	30	1	3
158	45	26	1	1
159	39	30	1	1
160	35	33	1	5
161	41	28	1	1
162	37	31	1	2
163	44	26	1	3
164	47	24	1	2
165	49	23	1	3
166	45	25	1	1
167	59	19	1	2
168	56	20	1	3
169	40	28	1	4
170	35	32	1	2
171	43	26	1	1
172	37	30	1	3
173	41	27	1	2
174	48	23	1	4
175	38	29	1	2
176	44	25	1	1
177	50	22	1	2
178	39	28	1	2
179	33	33	1	1
180	34	32	1	2
181	54	20	1	4
182	40	27	1	1
183	54	20	1	1
184	36	30	1	4
185	49	22	1	2
186	43	25	1	3
187	37	29	1	1
188	59	18	1	3
189	46	23	1	1
190	33	32	1	3
191	48	22	1	3
192	33	32	1	2
193	34	31	1	3
194	39	27	1	3
195	35	30	1	2
196	50	21	1	8
197	42	25	1	3
198	35	30	1	4
199	50	21	1	1
200	36	29	1	2
201	40	26	1	3
202	37	28	1	2
203	38	27	1	3
204	41	25	1	1
205	33	31	1	2
206	34	30	1	3
207	51	20	1	1
208	34	30	1	4
209	39	26	1	5
210	44	23	1	2
211	48	21	1	1
212	42	24	1	4
213	32	31	1	4
214	33	30	1	3
215	43	23	1	2
216	38	26	1	1
217	34	29	1	3
218	49	20	1	2
219	35	28	1	2
220	49	20	1	4
221	35	28	1	3
222	49	20	1	2
223	36	27	1	3
224	54	18	1	3
225	46	21	1	2
226	42	23	1	3
227	37	26	1	2
228	32	30	1	1
229	48	20	1	1
230	33	29	1	1
231	34	28	1	1
232	38	25	1	3
233	43	22	1	4
234	35	27	1	2
235	36	26	1	3
236	39	24	1	6
237	52	18	1	2
238	36	26	1	4
239	39	24	1	1
240	49	19	1	4
241	31	30	1	6
242	58	16	1	3
243	32	29	1	3
244	58	16	1	3
245	37	25	1	3
246	42	22	1	2
247	44	21	1	3
248	46	20	1	3
249	51	18	1	2
250	34	27	1	4
251	38	24	1	3
252	57	16	1	3
253	38	24	1	2
254	57	16	1	5
255	38	24	1	2
256	35	26	1	4
257	36	25	1	4
258	31	29	1	2
259	39	23	1	1
260	47	19	1	4
261	33	27	1	3
262	37	24	1	3
263	59	15	1	2
264	49	18	1	1
265	44	20	1	1
266	35	25	1	4
267	38	23	1	6
268	51	17	1	2
269	54	16	1	1
270	48	18	1	3
271	36	24	1	2
272	43	20	1	2
273	33	26	1	2
274	39	22	1	2
275	45	19	1	1
276	37	23	1	2
277	50	17	1	1
278	53	16	1	3
279	35	24	1	5
280	42	20	1	1
281	30	28	1	1
282	31	27	1	3
283	38	22	1	4
284	32	26	1	5
285	36	23	1	3
286	59	14	1	2
287	33	25	1	1
288	39	21	1	2
289	43	19	1	3
290	34	24	1	4
291	58	14	1	3
292	45	18	1	5
293	54	15	1	3
294	45	18	1	3
295	31	26	1	4
296	32	25	1	2
297	40	20	1	4
298	47	17	1	2
299	38	21	1	3
300	53	15	1	3
301	44	18	1	3
302	56	14	1	3
303	46	17	1	1
304	39	20	1	1
305	37	21	1	1
306	31	25	1	5
307	55	14	1	4
308	59	13	1	1
309	38	20	1	3
310	33	23	1	4
311	36	21	1	3
312	28	27	1	3
313	47	16	1	4
314	30	25	1	2
315	31	24	1	2
316	53	14	1	2
317	39	19	1	2
318	37	20	1	3
319	35	21	1	4
320	49	15	1	6
321	43	17	1	3
322	52	14	1	2
323	33	22	1	2
324	29	25	1	4
325	38	19	1	2
326	40	18	1	3
327	48	15	1	2
328	40	18	1	2
329	48	15	1	5
330	30	24	1	1
331	48	15	1	3
332	42	17	1	7
333	34	21	1	3
334	32	22	1	1
335	37	19	1	3
336	39	18	1	1
337	27	26	1	1
338	39	18	1	2
339	27	26	1	3
340	35	20	1	1
341	28	25	1	3
342	50	14	1	2
343	35	20	1	2
344	33	21	1	2
345	46	15	1	2
346	30	23	1	2
347	46	15	1	5
348	30	23	1	3
349	43	16	1	1
350	36	19	1	3
351	40	17	1	6
352	34	20	1	4
353	40	17	1	4
354	27	25	1	3
355	28	24	1	2
356	48	14	1	3
357	42	16	1	1
358	48	14	1	2
359	37	18	1	2
360	35	19	1	1
361	51	13	1	2
362	33	20	1	3
363	26	25	1	4
364	36	18	1	1
365	28	23	1	2
366	32	20	1	2
367	35	18	1	4
368	30	21	1	3
369	45	14	1	4
370	35	18	1	2
371	42	15	1	3
372	37	17	1	2
373	33	19	1	5
374	25	25	1	2
375	48	13	1	2
376	26	24	1	1
377	39	16	1	2
378	27	23	1	2
379	28	22	1	8
380	56	11	1	5
381	44	14	1	3
382	41	15	1	3
383	34	18	1	1
384	30	20	1	2
385	50	12	1	4
386	30	20	1	5
387	40	15	1	1
388	26	23	1	2
389	37	16	1	1
390	31	19	1	2
391	39	15	1	3
392	45	13	1	1
393	48	12	1	2
394	32	18	1	3
395	36	16	1	2
396	25	23	1	3
397	44	13	1	3
398	30	19	1	3
399	27	21	1	3
400	47	12	1	5
401	33	17	1	4
402	28	20	1	4
403	40	14	1	3
404	31	18	1	2
405	24	23	1	2
406	46	12	1	1
407	29	19	1	3
408	39	14	1	2
409	32	17	1	1
410	34	16	1	2
411	36	15	1	2
412	30	18	1	2
413	36	15	1	3
414	41	13	1	1
415	38	14	1	5
416	28	19	1	3
417	33	16	1	2
418	24	22	1	3
419	48	11	1	4
420	25	21	1	5
421	29	18	1	2
422	40	13	1	3
423	37	14	1	3
424	43	12	1	2
425	27	19	1	5
426	39	13	1	1
427	23	22	1	4
428	46	11	1	3
429	36	14	1	3
430	28	18	1	3
431	24	21	1	2
432	25	20	1	4
433	33	15	1	3
434	41	12	1	3
435	35	14	1	1
436	27	18	1	3
437	44	11	1	2
438	23	21	1	1
439	37	13	1	1
440	40	12	1	1
441	30	16	1	1
442	48	10	1	3
443	24	20	1	3
444	34	14	1	4
445	25	19	1	4
446	39	12	1	1
447	26	18	1	2
448	31	15	1	4
449	29	16	1	1
450	22	21	1	1
451	42	11	1	1
452	23	20	1	1
453	35	13	1	2
454	25	18	1	3
455	30	15	1	1
456	45	10	1	1
457	28	16	1	2
458	32	14	1	2
459	26	17	1	3
460	21	21	1	3
461	44	10	1	2
462	29	15	1	6
463	27	16	1	1
464	36	12	1	3
465	24	18	1	3
466	27	16	1	3
467	24	18	1	2
468	43	10	1	2
469	39	11	1	2
470	25	17	1	2
471	28	15	1	2
472	21	20	1	2
473	28	15	1	1
474	21	20	1	3
475	42	10	1	3
476	28	15	1	1
477	26	16	1	2
478	34	12	1	2
479	29	14	1	2
480	27	15	1	1
481	31	13	1	3
482	25	16	1	3
483	21	19	1	4
484	36	11	1	1
485	22	18	1	2
486	28	14	1	2
487	26	15	1	2
488	30	13	1	5
489	35	11	1	1
490	24	16	1	1
491	32	12	1	2
492	24	16	1	4
493	27	14	1	1
494	29	13	1	3
495	25	15	1	3
496	34	11	1	2
497	23	16	1	1
498	33	11	1	1
499	20	18	1	2
500	32	11	1	3
501	22	16	1	4
502	27	13	1	3
503	25	14	1	2
504	26	13	1	3
505	28	12	1	2
506	21	16	1	5
507	28	12	1	3
508	24	14	1	2
509	22	15	1	2
510	33	10	1	2
511	27	12	1	4
512	19	17	1	2
513	20	16	1	2
514	29	11	1	1
515	22	14	1	3
516	18	17	1	3
517	19	16	1	2
518	21	14	1	2
519	18	16	1	2
520	22	13	1	3
521	19	15	1	6
522	20	14	1	1
523	21	13	1	6
524	17	16	1	1
525	27	10	1	3
526	18	15	1	2
527	19	14	1	2
528	24	11	1	2
529	20	13	1	2
530	17	15	1	1
531	18	14	1	3
532	21	12	1	2
533	16	15	1	2
534	17	14	1	1
535	18	13	1	3
536	19	12	1	4
537	17	13	1	1
538	21	10	1	4
539	19	11	1	3
540	14	14	1	4
541	16	11	1	2
542	13	13	1	4
543	16	10	1	1
544	14	11	1	1
