Mack/Bortfeldt(2008)
Bin-Packing-Problem
BP-RG/SBSBPP/SSSCSP
Testcase-ID	12
Problem-ID	119
no_item_types	530
no_items	2081
CONTAINER_DATA (l,w,h)	404	50	1
ITEMS_DATA:
Type	x	y	z	no_items
1	59	49	1	3
2	56	50	1	5
3	59	46	1	5
4	50	50	1	2
5	55	45	1	2
6	54	45	1	2
7	52	45	1	7
8	48	46	1	4
9	55	40	1	3
10	59	37	1	5
11	57	38	1	4
12	47	46	1	5
13	54	40	1	3
14	50	43	1	3
15	58	37	1	4
16	55	39	1	1
17	52	40	1	5
18	53	39	1	3
19	59	35	1	3
20	60	34	1	4
21	55	37	1	4
22	49	41	1	5
23	54	37	1	7
24	57	35	1	4
25	51	39	1	4
26	60	33	1	2
27	46	43	1	4
28	53	37	1	4
29	56	35	1	3
30	49	40	1	7
31	54	36	1	2
32	48	40	1	2
33	58	33	1	4
34	56	34	1	3
35	50	38	1	2
36	46	41	1	4
37	48	39	1	3
38	60	31	1	4
39	53	35	1	5
40	46	40	1	3
41	59	31	1	7
42	57	32	1	5
43	48	38	1	5
44	49	37	1	2
45	45	40	1	4
46	46	39	1	6
47	47	38	1	7
48	51	35	1	3
49	54	33	1	4
50	48	37	1	4
51	52	34	1	4
52	49	36	1	3
53	50	35	1	4
54	53	33	1	3
55	46	38	1	4
56	58	30	1	2
57	54	32	1	2
58	52	33	1	2
59	49	35	1	4
60	50	34	1	3
61	47	36	1	4
62	51	33	1	2
63	41	41	1	4
64	43	39	1	3
65	44	38	1	5
66	52	32	1	1
67	46	36	1	4
68	59	28	1	3
69	50	33	1	4
70	47	35	1	3
71	41	40	1	4
72	48	34	1	4
73	49	33	1	1
74	52	31	1	2
75	44	36	1	3
76	48	33	1	3
77	56	28	1	7
78	52	30	1	4
79	41	38	1	3
80	47	33	1	4
81	44	35	1	3
82	45	34	1	4
83	39	39	1	3
84	49	31	1	2
85	41	37	1	4
86	47	32	1	3
87	50	30	1	3
88	55	27	1	5
89	45	33	1	2
90	53	28	1	5
91	39	38	1	1
92	51	29	1	3
93	59	25	1	2
94	42	35	1	6
95	49	30	1	4
96	42	35	1	6
97	49	30	1	7
98	43	34	1	3
99	54	27	1	2
100	56	26	1	4
101	58	25	1	7
102	50	29	1	4
103	38	38	1	5
104	48	30	1	4
105	53	27	1	2
106	55	26	1	6
107	57	25	1	3
108	49	29	1	3
109	47	30	1	4
110	44	32	1	4
111	38	37	1	6
112	54	26	1	3
113	40	35	1	6
114	41	34	1	5
115	48	29	1	5
116	42	33	1	7
117	43	32	1	4
118	49	28	1	6
119	38	36	1	4
120	57	24	1	6
121	45	30	1	5
122	48	28	1	5
123	58	23	1	2
124	37	36	1	3
125	51	26	1	4
126	39	34	1	7
127	44	30	1	2
128	55	24	1	4
129	40	33	1	4
130	47	28	1	5
131	41	32	1	3
132	42	31	1	5
133	36	36	1	3
134	37	35	1	4
135	38	34	1	5
136	39	33	1	5
137	44	29	1	7
138	41	31	1	6
139	47	27	1	5
140	36	35	1	2
141	37	34	1	4
142	57	22	1	6
143	50	25	1	6
144	39	32	1	9
145	46	27	1	7
146	40	31	1	5
147	59	21	1	4
148	56	22	1	4
149	35	35	1	2
150	47	26	1	2
151	37	33	1	5
152	42	29	1	4
153	38	32	1	3
154	39	31	1	2
155	43	28	1	3
156	48	25	1	3
157	60	20	1	3
158	48	25	1	3
159	57	21	1	3
160	46	26	1	2
161	35	34	1	4
162	44	27	1	4
163	42	28	1	2
164	45	26	1	9
165	58	20	1	7
166	34	34	1	6
167	55	21	1	6
168	41	28	1	2
169	57	20	1	6
170	38	30	1	6
171	54	21	1	3
172	39	29	1	3
173	49	23	1	8
174	45	25	1	5
175	34	33	1	4
176	35	32	1	1
177	40	28	1	3
178	36	31	1	1
179	37	30	1	4
180	42	26	1	3
181	52	21	1	2
182	39	28	1	4
183	42	26	1	3
184	34	32	1	4
185	57	19	1	1
186	47	23	1	8
187	40	27	1	3
188	45	24	1	2
189	49	22	1	4
190	56	19	1	3
191	38	28	1	3
192	56	19	1	3
193	46	23	1	3
194	44	24	1	3
195	39	27	1	4
196	36	29	1	7
197	52	20	1	3
198	40	26	1	5
199	37	28	1	2
200	45	23	1	4
201	49	21	1	8
202	38	27	1	5
203	41	25	1	5
204	33	31	1	5
205	60	17	1	4
206	46	22	1	3
207	42	24	1	4
208	40	25	1	3
209	50	20	1	4
210	37	27	1	3
211	32	31	1	5
212	33	30	1	4
213	52	19	1	4
214	34	29	1	4
215	58	17	1	2
216	49	20	1	3
217	46	21	1	4
218	37	26	1	3
219	48	20	1	3
220	32	30	1	7
221	48	20	1	5
222	32	30	1	4
223	40	24	1	7
224	34	28	1	5
225	38	25	1	1
226	43	22	1	2
227	35	27	1	1
228	45	21	1	5
229	59	16	1	2
230	47	20	1	5
231	49	19	1	3
232	32	29	1	5
233	37	25	1	4
234	33	28	1	2
235	44	21	1	5
236	40	23	1	2
237	34	27	1	6
238	54	17	1	3
239	38	24	1	6
240	35	26	1	4
241	41	22	1	5
242	45	20	1	6
243	30	30	1	3
244	45	20	1	2
245	36	25	1	3
246	31	29	1	2
247	39	23	1	4
248	32	28	1	8
249	47	19	1	2
250	33	27	1	2
251	52	17	1	6
252	34	26	1	7
253	42	21	1	9
254	40	22	1	2
255	46	19	1	5
256	30	29	1	3
257	31	28	1	2
258	54	16	1	5
259	32	27	1	5
260	36	24	1	3
261	43	20	1	1
262	33	26	1	4
263	39	22	1	4
264	34	25	1	5
265	53	16	1	3
266	30	28	1	3
267	35	24	1	5
268	42	20	1	3
269	31	27	1	3
270	38	22	1	3
271	49	17	1	2
272	32	26	1	4
273	36	23	1	3
274	59	14	1	4
275	55	15	1	5
276	41	20	1	3
277	39	21	1	8
278	34	24	1	7
279	51	16	1	3
280	37	22	1	4
281	29	28	1	2
282	30	27	1	3
283	35	23	1	6
284	32	25	1	7
285	40	20	1	2
286	47	17	1	3
287	42	19	1	3
288	57	14	1	1
289	42	19	1	4
290	44	18	1	3
291	36	22	1	3
292	33	24	1	7
293	56	14	1	2
294	28	28	1	5
295	34	23	1	5
296	30	26	1	1
297	52	15	1	2
298	39	20	1	6
299	30	26	1	3
300	37	21	1	6
301	32	24	1	8
302	51	15	1	2
303	45	17	1	5
304	33	23	1	3
305	28	27	1	2
306	36	21	1	4
307	58	13	1	5
308	29	26	1	5
309	50	15	1	8
310	34	22	1	6
311	44	17	1	2
312	31	24	1	2
313	57	13	1	5
314	37	20	1	4
315	41	18	1	5
316	49	15	1	6
317	27	27	1	3
318	56	13	1	3
319	33	22	1	3
320	29	25	1	2
321	40	18	1	6
322	36	20	1	6
323	45	16	1	6
324	36	20	1	5
325	30	24	1	5
326	55	13	1	6
327	42	17	1	6
328	31	23	1	2
329	59	12	1	2
330	44	16	1	4
331	27	26	1	4
332	35	20	1	3
333	28	25	1	2
334	58	12	1	5
335	33	21	1	3
336	49	14	1	4
337	38	18	1	3
338	31	22	1	7
339	40	17	1	3
340	26	26	1	6
341	27	25	1	3
342	28	24	1	4
343	42	16	1	4
344	28	24	1	6
345	32	21	1	8
346	56	12	1	5
347	29	23	1	6
348	37	18	1	2
349	51	13	1	4
350	55	12	1	4
351	30	22	1	3
352	33	20	1	6
353	30	22	1	4
354	31	21	1	3
355	26	25	1	2
356	38	17	1	5
357	43	15	1	2
358	28	23	1	2
359	49	13	1	5
360	30	21	1	4
361	35	18	1	2
362	45	14	1	6
363	35	18	1	3
364	42	15	1	4
365	37	17	1	7
366	33	19	1	3
367	36	17	1	2
368	47	13	1	2
369	29	21	1	4
370	55	11	1	3
371	43	14	1	7
372	40	15	1	2
373	30	20	1	3
374	35	17	1	3
375	27	22	1	6
376	33	18	1	4
377	37	16	1	1
378	31	19	1	3
379	28	21	1	3
380	39	15	1	3
381	29	20	1	3
382	34	17	1	2
383	32	18	1	1
384	24	24	1	2
385	32	18	1	5
386	25	23	1	4
387	41	14	1	1
388	26	22	1	8
389	27	21	1	4
390	47	12	1	3
391	33	17	1	1
392	35	16	1	4
393	28	20	1	3
394	35	16	1	2
395	31	18	1	4
396	37	15	1	5
397	24	23	1	5
398	55	10	1	4
399	39	14	1	6
400	26	21	1	6
401	34	16	1	3
402	32	17	1	3
403	34	16	1	4
404	32	17	1	5
405	36	15	1	3
406	54	10	1	2
407	30	18	1	5
408	45	12	1	3
409	38	14	1	1
410	28	19	1	6
411	33	16	1	6
412	48	11	1	1
413	24	22	1	5
414	33	16	1	5
415	44	12	1	2
416	31	17	1	3
417	25	21	1	4
418	26	20	1	1
419	40	13	1	3
420	37	14	1	2
421	27	19	1	5
422	32	16	1	4
423	30	17	1	5
424	51	10	1	2
425	39	13	1	2
426	24	21	1	4
427	36	14	1	7
428	25	20	1	4
429	31	16	1	3
430	33	15	1	2
431	38	13	1	5
432	29	17	1	7
433	41	12	1	4
434	49	10	1	6
435	27	18	1	7
436	48	10	1	3
437	30	16	1	2
438	24	20	1	4
439	32	15	1	4
440	40	12	1	2
441	30	16	1	4
442	34	14	1	6
443	25	19	1	4
444	36	13	1	9
445	31	15	1	6
446	22	21	1	4
447	46	10	1	3
448	23	20	1	4
449	27	17	1	2
450	35	13	1	4
451	30	15	1	3
452	21	21	1	5
453	22	20	1	9
454	31	14	1	4
455	24	18	1	3
456	36	12	1	4
457	39	11	1	4
458	25	17	1	3
459	21	20	1	5
460	28	15	1	10
461	22	19	1	3
462	26	16	1	5
463	41	10	1	2
464	24	17	1	4
465	34	12	1	3
466	24	17	1	4
467	29	14	1	3
468	27	15	1	6
469	25	16	1	2
470	40	10	1	2
471	20	20	1	1
472	22	18	1	2
473	36	11	1	6
474	39	10	1	2
475	26	15	1	5
476	39	10	1	2
477	20	19	1	3
478	21	18	1	1
479	29	13	1	5
480	25	15	1	6
481	24	15	1	7
482	20	18	1	4
483	32	11	1	4
484	27	13	1	4
485	25	14	1	10
486	29	12	1	3
487	23	15	1	2
488	19	18	1	2
489	20	17	1	3
490	34	10	1	3
491	20	17	1	5
492	34	10	1	2
493	26	13	1	5
494	28	12	1	6
495	21	16	1	2
496	24	14	1	1
497	21	16	1	4
498	22	15	1	1
499	25	13	1	3
500	27	12	1	4
501	23	14	1	5
502	20	16	1	5
503	21	15	1	6
504	24	13	1	6
505	28	11	1	3
506	18	17	1	3
507	19	16	1	1
508	20	15	1	5
509	27	11	1	2
510	21	14	1	5
511	24	12	1	6
512	22	13	1	2
513	25	11	1	5
514	21	13	1	2
515	17	16	1	2
516	27	10	1	3
517	22	12	1	6
518	26	10	1	4
519	17	15	1	5
520	19	13	1	6
521	17	14	1	2
522	18	13	1	4
523	19	12	1	3
524	16	14	1	3
525	20	11	1	4
526	18	12	1	2
527	17	12	1	5
528	18	11	1	5
529	14	13	1	5
530	17	10	1	2
