Mack/Bortfeldt(2008)
Bin-Packing-Problem
BP-RG/SBSBPP/SSSCSP
Testcase-ID	12
Problem-ID	86
no_item_types	344
no_items	2152
CONTAINER_DATA (l,w,h)	404	50	1
ITEMS_DATA:
Type	x	y	z	no_items
1	57	48	1	7
2	54	50	1	2
3	57	47	1	8
4	59	44	1	9
5	58	43	1	7
6	52	47	1	3
7	56	43	1	5
8	59	40	1	4
9	50	47	1	9
10	50	46	1	7
11	57	40	1	9
12	54	42	1	8
13	56	40	1	9
14	56	38	1	5
15	47	45	1	3
16	46	44	1	5
17	57	35	1	7
18	48	41	1	6
19	49	39	1	7
20	45	42	1	11
21	47	40	1	5
22	52	36	1	5
23	43	42	1	7
24	50	36	1	6
25	46	39	1	8
26	54	33	1	6
27	50	35	1	6
28	47	37	1	5
29	42	41	1	5
30	49	35	1	6
31	57	30	1	8
32	50	34	1	6
33	53	32	1	6
34	49	34	1	3
35	50	33	1	7
36	41	40	1	6
37	44	37	1	4
38	60	27	1	7
39	46	35	1	8
40	50	32	1	6
41	41	39	1	4
42	42	38	1	5
43	40	39	1	4
44	41	38	1	4
45	42	37	1	4
46	43	36	1	9
47	44	35	1	2
48	40	38	1	6
49	42	36	1	7
50	54	28	1	6
51	52	29	1	8
52	43	35	1	3
53	47	32	1	10
54	39	38	1	7
55	40	37	1	4
56	41	36	1	8
57	54	27	1	7
58	52	28	1	9
59	56	26	1	10
60	44	33	1	4
61	40	36	1	7
62	55	26	1	3
63	42	34	1	6
64	43	33	1	5
65	39	36	1	8
66	50	28	1	6
67	45	31	1	4
68	46	30	1	5
69	53	26	1	6
70	55	25	1	6
71	57	24	1	3
72	39	35	1	7
73	44	31	1	7
74	47	29	1	4
75	52	26	1	7
76	45	30	1	7
77	50	27	1	4
78	42	32	1	4
79	40	33	1	8
80	42	31	1	6
81	54	24	1	4
82	38	34	1	3
83	46	28	1	10
84	44	29	1	9
85	41	31	1	8
86	45	28	1	8
87	42	30	1	6
88	46	27	1	6
89	56	22	1	8
90	42	29	1	5
91	38	32	1	6
92	52	23	1	9
93	35	34	1	7
94	41	29	1	6
95	37	32	1	7
96	47	25	1	5
97	36	32	1	12
98	37	31	1	8
99	38	30	1	7
100	39	29	1	7
101	34	33	1	8
102	40	28	1	3
103	36	31	1	7
104	37	30	1	6
105	38	29	1	5
106	34	32	1	8
107	35	31	1	5
108	36	30	1	8
109	49	22	1	8
110	51	21	1	6
111	53	20	1	8
112	46	23	1	6
113	34	31	1	4
114	39	27	1	9
115	40	26	1	11
116	47	22	1	6
117	49	21	1	10
118	41	25	1	8
119	33	31	1	7
120	39	26	1	6
121	50	20	1	11
122	40	25	1	7
123	33	30	1	4
124	43	23	1	5
125	52	19	1	9
126	58	17	1	5
127	54	18	1	4
128	44	22	1	10
129	37	26	1	6
130	32	30	1	7
131	33	29	1	8
132	34	28	1	5
133	38	25	1	6
134	50	19	1	6
135	43	22	1	5
136	45	21	1	11
137	41	23	1	9
138	39	24	1	3
139	36	26	1	6
140	37	25	1	4
141	33	28	1	7
142	40	23	1	8
143	34	27	1	7
144	48	19	1	3
145	38	24	1	2
146	57	16	1	6
147	45	20	1	8
148	36	25	1	10
149	50	18	1	6
150	36	25	1	6
151	45	20	1	13
152	31	29	1	7
153	39	23	1	8
154	34	26	1	10
155	42	21	1	6
156	35	25	1	4
157	46	19	1	6
158	38	23	1	7
159	31	28	1	7
160	32	27	1	4
161	36	24	1	5
162	48	18	1	6
163	36	24	1	8
164	39	22	1	4
165	37	23	1	5
166	47	18	1	8
167	29	29	1	3
168	40	21	1	5
169	44	19	1	11
170	38	22	1	6
171	32	26	1	4
172	36	23	1	7
173	48	17	1	5
174	45	18	1	5
175	35	23	1	9
176	38	21	1	6
177	57	14	1	6
178	42	19	1	7
179	44	18	1	4
180	33	24	1	3
181	28	28	1	4
182	49	16	1	7
183	28	28	1	7
184	34	23	1	6
185	39	20	1	7
186	31	25	1	6
187	43	18	1	8
188	55	14	1	9
189	40	19	1	4
190	33	23	1	7
191	36	21	1	7
192	47	16	1	6
193	50	15	1	7
194	34	22	1	8
195	39	19	1	7
196	32	23	1	5
197	33	22	1	6
198	29	25	1	6
199	48	15	1	5
200	36	20	1	7
201	40	18	1	10
202	55	13	1	5
203	42	17	1	7
204	51	14	1	6
205	34	21	1	8
206	47	15	1	6
207	44	16	1	5
208	37	19	1	5
209	27	26	1	5
210	35	20	1	7
211	41	17	1	6
212	43	16	1	8
213	57	12	1	7
214	38	18	1	4
215	31	22	1	8
216	52	13	1	5
217	26	26	1	5
218	27	25	1	6
219	28	24	1	4
220	42	16	1	5
221	30	22	1	4
222	33	20	1	8
223	31	21	1	5
224	26	25	1	5
225	27	24	1	5
226	38	17	1	10
227	40	16	1	3
228	49	13	1	3
229	30	21	1	7
230	33	19	1	5
231	52	12	1	5
232	27	23	1	7
233	36	17	1	8
234	38	16	1	9
235	30	20	1	8
236	46	13	1	4
237	26	23	1	3
238	37	16	1	10
239	29	20	1	6
240	32	18	1	6
241	36	16	1	13
242	32	18	1	10
243	36	16	1	8
244	26	22	1	10
245	30	19	1	9
246	38	15	1	4
247	27	21	1	6
248	33	17	1	3
249	56	10	1	2
250	31	18	1	7
251	37	15	1	12
252	39	14	1	4
253	32	17	1	5
254	27	20	1	5
255	30	18	1	9
256	36	15	1	4
257	24	22	1	7
258	31	17	1	6
259	25	21	1	3
260	26	20	1	2
261	47	11	1	3
262	27	19	1	8
263	32	16	1	7
264	30	17	1	9
265	50	10	1	6
266	29	17	1	3
267	35	14	1	9
268	27	18	1	6
269	23	21	1	10
270	32	15	1	4
271	28	17	1	8
272	34	14	1	6
273	25	19	1	5
274	26	18	1	7
275	31	15	1	4
276	29	16	1	7
277	42	11	1	5
278	22	21	1	6
279	23	20	1	6
280	46	10	1	7
281	27	17	1	6
282	24	19	1	1
283	25	18	1	7
284	37	12	1	7
285	34	13	1	8
286	22	20	1	7
287	23	19	1	9
288	31	14	1	3
289	27	16	1	5
290	33	13	1	3
291	35	12	1	4
292	21	20	1	7
293	22	19	1	7
294	26	16	1	4
295	32	13	1	5
296	27	15	1	5
297	21	19	1	7
298	22	18	1	2
299	36	11	1	3
300	23	17	1	5
301	30	13	1	5
302	39	10	1	4
303	22	17	1	3
304	37	10	1	7
305	26	14	1	8
306	21	17	1	1
307	27	13	1	5
308	25	14	1	7
309	23	15	1	10
310	31	11	1	8
311	34	10	1	7
312	28	12	1	6
313	21	16	1	1
314	30	11	1	10
315	18	18	1	4
316	32	10	1	6
317	21	15	1	10
318	24	13	1	7
319	28	11	1	5
320	19	16	1	10
321	24	12	1	8
322	19	15	1	5
323	17	16	1	9
324	22	12	1	6
325	20	13	1	10
326	16	16	1	3
327	18	14	1	9
328	21	12	1	7
329	19	13	1	10
330	24	10	1	6
331	16	15	1	6
332	17	14	1	4
333	18	13	1	9
334	16	14	1	5
335	15	14	1	7
336	19	11	1	7
337	17	12	1	5
338	15	13	1	7
339	16	12	1	3
340	18	10	1	2
341	17	10	1	7
342	16	10	1	4
343	15	10	1	5
344	12	10	1	4
