Mack/Bortfeldt(2008)
Bin-Packing-Problem
BP-RG/SBSBPP/SSSCSP
Testcase-ID	12
Problem-ID	102
no_item_types	486
no_items	2005
CONTAINER_DATA (l,w,h)	404	50	1
ITEMS_DATA:
Type	x	y	z	no_items
1	56	50	1	3
2	60	46	1	4
3	56	48	1	3
4	55	46	1	3
5	56	44	1	1
6	56	43	1	2
7	60	40	1	3
8	58	41	1	6
9	55	43	1	4
10	59	40	1	7
11	58	40	1	4
12	59	39	1	5
13	56	41	1	5
14	51	45	1	6
15	49	46	1	3
16	50	45	1	5
17	51	44	1	2
18	59	38	1	3
19	53	42	1	6
20	49	45	1	3
21	59	37	1	5
22	49	44	1	5
23	47	45	1	5
24	48	44	1	3
25	56	37	1	3
26	46	45	1	2
27	47	44	1	2
28	59	34	1	7
29	50	40	1	4
30	54	37	1	6
31	47	42	1	5
32	49	40	1	4
33	56	35	1	4
34	49	40	1	7
35	59	33	1	4
36	57	34	1	3
37	44	44	1	4
38	45	43	1	4
39	47	41	1	4
40	56	34	1	5
41	47	40	1	7
42	52	36	1	8
43	55	34	1	7
44	43	43	1	4
45	44	42	1	4
46	46	40	1	3
47	54	34	1	2
48	52	35	1	3
49	49	37	1	4
50	45	40	1	6
51	50	36	1	4
52	46	39	1	5
53	56	32	1	2
54	49	36	1	6
55	43	41	1	5
56	45	39	1	3
57	46	38	1	5
58	48	36	1	7
59	52	33	1	1
60	59	29	1	3
61	57	30	1	6
62	50	34	1	3
63	51	33	1	8
64	41	41	1	7
65	48	35	1	5
66	43	39	1	3
67	44	38	1	7
68	49	34	1	4
69	45	37	1	3
70	52	32	1	3
71	46	36	1	2
72	47	35	1	4
73	49	33	1	7
74	52	31	1	4
75	42	38	1	6
76	48	33	1	5
77	45	35	1	3
78	49	32	1	4
79	58	27	1	3
80	54	29	1	9
81	46	34	1	6
82	40	39	1	4
83	41	38	1	2
84	47	33	1	5
85	44	35	1	4
86	57	27	1	4
87	45	34	1	6
88	40	38	1	5
89	49	31	1	5
90	41	37	1	4
91	42	36	1	8
92	54	28	1	3
93	43	35	1	6
94	47	32	1	4
95	60	25	1	4
96	50	30	1	6
97	44	34	1	4
98	45	33	1	3
99	53	28	1	4
100	40	37	1	3
101	41	36	1	4
102	59	25	1	3
103	49	30	1	8
104	43	34	1	7
105	47	31	1	5
106	44	33	1	4
107	50	29	1	5
108	41	35	1	4
109	57	25	1	3
110	47	30	1	3
111	38	37	1	4
112	54	26	1	5
113	41	34	1	4
114	51	27	1	4
115	49	28	1	4
116	38	36	1	4
117	39	35	1	5
118	44	31	1	1
119	40	34	1	4
120	41	33	1	4
121	45	30	1	5
122	42	32	1	3
123	43	31	1	3
124	38	35	1	7
125	39	34	1	6
126	51	26	1	4
127	39	34	1	2
128	53	25	1	6
129	41	32	1	5
130	36	36	1	1
131	54	24	1	5
132	37	35	1	3
133	43	30	1	7
134	39	33	1	2
135	40	32	1	3
136	58	22	1	5
137	44	29	1	2
138	41	31	1	3
139	47	27	1	5
140	55	23	1	7
141	36	35	1	6
142	42	30	1	3
143	36	35	1	7
144	42	30	1	2
145	45	28	1	4
146	38	33	1	3
147	57	22	1	4
148	54	23	1	2
149	46	27	1	4
150	54	23	1	5
151	49	25	1	4
152	35	35	1	4
153	36	34	1	7
154	37	33	1	1
155	42	29	1	6
156	50	24	1	3
157	40	30	1	4
158	46	26	1	7
159	35	34	1	2
160	56	21	1	5
161	47	25	1	4
162	39	30	1	3
163	53	22	1	6
164	58	20	1	6
165	40	29	1	5
166	34	34	1	7
167	46	25	1	6
168	41	28	1	4
169	37	31	1	2
170	54	21	1	4
171	47	24	1	5
172	51	22	1	5
173	35	32	1	4
174	43	26	1	6
175	37	30	1	4
176	46	24	1	3
177	38	29	1	5
178	50	22	1	6
179	39	28	1	4
180	42	26	1	2
181	34	32	1	2
182	36	30	1	2
183	40	27	1	4
184	45	24	1	7
185	60	18	1	3
186	43	25	1	4
187	38	28	1	2
188	46	23	1	2
189	33	32	1	3
190	34	31	1	2
191	39	27	1	3
192	42	25	1	3
193	55	19	1	4
194	40	26	1	2
195	37	28	1	2
196	47	22	1	2
197	49	21	1	7
198	57	18	1	6
199	41	25	1	4
200	33	31	1	2
201	35	29	1	4
202	39	26	1	4
203	56	18	1	4
204	36	28	1	4
205	50	20	1	2
206	32	31	1	2
207	45	22	1	4
208	34	29	1	4
209	41	24	1	3
210	35	28	1	6
211	36	27	1	4
212	54	18	1	3
213	46	21	1	4
214	37	26	1	6
215	31	31	1	6
216	60	16	1	4
217	40	24	1	1
218	34	28	1	4
219	38	25	1	2
220	43	22	1	8
221	35	27	1	3
222	47	20	1	4
223	36	26	1	4
224	31	30	1	4
225	32	29	1	1
226	33	28	1	5
227	46	20	1	5
228	34	27	1	1
229	38	24	1	4
230	35	26	1	2
231	43	21	1	4
232	50	18	1	3
233	36	25	1	4
234	39	23	1	6
235	32	28	1	5
236	37	24	1	4
237	52	17	1	4
238	49	18	1	3
239	35	25	1	2
240	38	23	1	2
241	58	15	1	6
242	31	28	1	4
243	51	17	1	3
244	32	27	1	1
245	41	21	1	2
246	33	26	1	2
247	45	19	1	7
248	37	23	1	4
249	34	25	1	5
250	53	16	1	3
251	42	20	1	3
252	40	21	1	4
253	35	24	1	4
254	38	22	1	4
255	44	19	1	5
256	33	25	1	2
257	34	24	1	4
258	29	28	1	1
259	58	14	1	2
260	45	18	1	4
261	31	26	1	6
262	35	23	1	4
263	40	20	1	8
264	50	16	1	6
265	32	25	1	3
266	38	21	1	4
267	57	14	1	2
268	38	21	1	4
269	53	15	1	4
270	36	22	1	2
271	33	24	1	7
272	46	17	1	2
273	41	19	1	4
274	43	18	1	2
275	32	24	1	6
276	45	17	1	2
277	38	20	1	1
278	40	19	1	5
279	38	20	1	5
280	40	19	1	3
281	54	14	1	3
282	36	21	1	5
283	42	18	1	7
284	36	21	1	2
285	29	26	1	7
286	44	17	1	5
287	31	24	1	6
288	39	19	1	3
289	37	20	1	5
290	35	21	1	5
291	38	19	1	5
292	48	15	1	4
293	36	20	1	3
294	45	16	1	5
295	36	20	1	4
296	34	21	1	6
297	42	17	1	5
298	32	22	1	4
299	37	19	1	4
300	54	13	1	5
301	39	18	1	5
302	27	26	1	1
303	35	20	1	6
304	28	25	1	3
305	35	20	1	5
306	29	24	1	6
307	58	12	1	5
308	29	24	1	7
309	53	13	1	5
310	43	16	1	8
311	49	14	1	8
312	38	18	1	3
313	36	19	1	3
314	31	22	1	3
315	40	17	1	4
316	52	13	1	3
317	45	15	1	8
318	32	21	1	4
319	42	16	1	5
320	56	12	1	4
321	37	18	1	2
322	44	15	1	6
323	31	21	1	5
324	54	12	1	3
325	36	18	1	9
326	27	24	1	5
327	36	18	1	6
328	34	19	1	4
329	43	15	1	4
330	28	23	1	3
331	32	20	1	3
332	29	22	1	4
333	53	12	1	3
334	35	18	1	4
335	45	14	1	5
336	37	17	1	2
337	33	19	1	7
338	48	13	1	3
339	26	24	1	5
340	48	13	1	6
341	39	16	1	4
342	27	23	1	4
343	31	20	1	7
344	28	22	1	3
345	41	15	1	6
346	36	17	1	7
347	47	13	1	5
348	29	21	1	3
349	30	20	1	4
350	35	17	1	6
351	27	22	1	4
352	33	18	1	4
353	27	22	1	6
354	37	16	1	3
355	31	19	1	6
356	42	14	1	5
357	28	21	1	2
358	45	13	1	4
359	39	15	1	3
360	29	20	1	3
361	58	10	1	4
362	34	17	1	1
363	32	18	1	5
364	36	16	1	5
365	41	14	1	4
366	44	13	1	3
367	38	15	1	3
368	30	19	1	3
369	38	15	1	5
370	27	21	1	5
371	35	16	1	2
372	28	20	1	3
373	31	18	1	3
374	29	19	1	2
375	25	22	1	5
376	26	21	1	3
377	42	13	1	3
378	32	17	1	4
379	27	20	1	6
380	36	15	1	4
381	44	12	1	5
382	35	15	1	1
383	29	18	1	6
384	26	20	1	2
385	32	16	1	3
386	34	15	1	2
387	39	13	1	1
388	23	22	1	5
389	28	18	1	2
390	31	16	1	3
391	33	15	1	3
392	26	19	1	3
393	44	11	1	4
394	23	21	1	4
395	37	13	1	2
396	32	15	1	3
397	24	20	1	6
398	28	17	1	6
399	43	11	1	6
400	26	18	1	4
401	36	13	1	3
402	31	15	1	4
403	29	16	1	1
404	22	21	1	4
405	23	20	1	6
406	27	17	1	1
407	35	13	1	3
408	30	15	1	3
409	32	14	1	6
410	37	12	1	3
411	26	17	1	9
412	22	20	1	3
413	29	15	1	2
414	27	16	1	5
415	25	17	1	2
416	35	12	1	2
417	30	14	1	8
418	42	10	1	4
419	30	14	1	3
420	22	19	1	6
421	26	16	1	4
422	24	17	1	3
423	29	14	1	8
424	27	15	1	6
425	20	20	1	5
426	25	16	1	3
427	20	20	1	5
428	21	19	1	8
429	28	14	1	6
430	23	17	1	2
431	39	10	1	6
432	30	13	1	6
433	32	12	1	3
434	20	19	1	3
435	21	18	1	1
436	25	15	1	5
437	23	16	1	4
438	28	13	1	5
439	26	14	1	3
440	22	16	1	2
441	32	11	1	5
442	27	13	1	4
443	23	15	1	7
444	19	18	1	6
445	21	16	1	4
446	27	12	1	3
447	19	17	1	5
448	20	16	1	6
449	31	10	1	6
450	28	11	1	4
451	22	14	1	3
452	18	17	1	6
453	19	16	1	3
454	30	10	1	5
455	23	13	1	3
456	18	16	1	1
457	26	11	1	2
458	19	15	1	2
459	20	14	1	4
460	21	13	1	6
461	18	15	1	3
462	24	11	1	3
463	20	13	1	1
464	26	10	1	4
465	17	15	1	3
466	18	14	1	4
467	22	11	1	4
468	16	15	1	3
469	17	14	1	4
470	23	10	1	3
471	19	12	1	3
472	15	15	1	4
473	18	12	1	6
474	15	14	1	6
475	21	10	1	2
476	15	14	1	4
477	19	11	1	5
478	16	13	1	5
479	17	12	1	6
480	20	10	1	2
481	14	14	1	3
482	16	12	1	1
483	17	11	1	6
484	18	10	1	7
485	16	10	1	2
486	14	10	1	2
