Mack/Bortfeldt(2008)
Bin-Packing-Problem
BP-RG/SBSBPP/SSSCSP
Testcase-ID	12
Problem-ID	93
no_item_types	403
no_items	2083
CONTAINER_DATA (l,w,h)	404	50	1
ITEMS_DATA:
Type	x	y	z	no_items
1	58	49	1	3
2	59	47	1	4
3	59	46	1	4
4	59	44	1	9
5	51	50	1	7
6	53	48	1	8
7	56	44	1	3
8	54	45	1	3
9	49	48	1	6
10	51	46	1	4
11	58	40	1	5
12	48	47	1	6
13	51	44	1	6
14	59	38	1	3
15	49	45	1	8
16	56	39	1	3
17	55	38	1	5
18	53	39	1	5
19	59	35	1	8
20	49	42	1	7
21	50	41	1	8
22	46	44	1	6
23	50	40	1	4
24	54	37	1	5
25	57	35	1	5
26	51	39	1	4
27	45	44	1	6
28	47	42	1	2
29	53	37	1	3
30	56	35	1	3
31	45	43	1	8
32	52	37	1	6
33	49	39	1	6
34	50	38	1	6
35	54	35	1	5
36	50	37	1	7
37	43	43	1	6
38	46	40	1	6
39	49	37	1	6
40	46	39	1	7
41	58	30	1	3
42	56	31	1	5
43	48	36	1	4
44	52	33	1	6
45	48	35	1	3
46	42	40	1	8
47	45	37	1	2
48	46	36	1	5
49	57	29	1	7
50	55	30	1	6
51	41	40	1	3
52	42	39	1	4
53	43	38	1	5
54	51	32	1	4
55	44	37	1	3
56	46	35	1	6
57	50	32	1	9
58	53	30	1	10
59	44	36	1	3
60	49	32	1	4
61	58	27	1	6
62	54	29	1	6
63	46	34	1	6
64	42	37	1	2
65	47	33	1	8
66	50	31	1	6
67	59	26	1	1
68	45	34	1	8
69	51	30	1	5
70	49	31	1	8
71	56	27	1	3
72	43	35	1	5
73	53	28	1	3
74	40	37	1	5
75	41	36	1	3
76	49	30	1	8
77	42	35	1	7
78	49	30	1	11
79	47	31	1	5
80	39	37	1	4
81	40	36	1	5
82	53	27	1	3
83	51	28	1	3
84	46	31	1	5
85	57	25	1	7
86	44	32	1	5
87	38	37	1	3
88	40	35	1	4
89	42	33	1	4
90	60	23	1	3
91	43	32	1	4
92	49	28	1	6
93	38	36	1	3
94	39	35	1	6
95	52	26	1	3
96	48	28	1	3
97	49	27	1	5
98	55	24	1	4
99	59	22	1	4
100	48	27	1	2
101	39	33	1	10
102	51	25	1	7
103	47	27	1	4
104	36	35	1	4
105	45	28	1	4
106	50	25	1	5
107	39	32	1	5
108	46	27	1	5
109	40	31	1	6
110	44	28	1	8
111	36	34	1	5
112	37	33	1	7
113	38	32	1	4
114	39	31	1	2
115	50	24	1	5
116	46	26	1	3
117	36	33	1	5
118	44	27	1	5
119	49	24	1	6
120	45	26	1	4
121	39	30	1	7
122	45	26	1	8
123	43	27	1	3
124	35	33	1	4
125	36	32	1	5
126	50	23	1	7
127	41	28	1	7
128	37	31	1	4
129	44	26	1	6
130	38	30	1	5
131	47	24	1	9
132	35	32	1	8
133	43	26	1	4
134	37	30	1	1
135	48	23	1	3
136	38	29	1	4
137	50	22	1	7
138	33	33	1	3
139	47	23	1	4
140	60	18	1	5
141	45	24	1	4
142	54	20	1	3
143	49	22	1	3
144	43	25	1	4
145	37	29	1	5
146	59	18	1	3
147	46	23	1	4
148	39	27	1	8
149	42	25	1	4
150	50	21	1	4
151	37	28	1	4
152	41	25	1	6
153	33	31	1	2
154	35	29	1	10
155	44	23	1	3
156	40	25	1	5
157	32	31	1	6
158	33	30	1	8
159	45	22	1	1
160	38	26	1	5
161	34	29	1	7
162	35	28	1	5
163	49	20	1	9
164	39	25	1	7
165	46	21	1	6
166	48	20	1	4
167	33	29	1	5
168	34	28	1	3
169	38	25	1	3
170	50	19	1	5
171	45	21	1	7
172	35	27	1	5
173	45	21	1	7
174	52	18	1	4
175	36	26	1	5
176	31	30	1	8
177	32	29	1	7
178	37	25	1	7
179	46	20	1	6
180	51	18	1	6
181	54	17	1	10
182	57	16	1	5
183	41	22	1	5
184	53	17	1	1
185	36	25	1	4
186	45	20	1	3
187	56	16	1	8
188	32	28	1	5
189	47	19	1	3
190	33	27	1	5
191	49	18	1	5
192	44	20	1	5
193	35	25	1	1
194	38	23	1	4
195	36	24	1	6
196	48	18	1	5
197	43	20	1	8
198	33	26	1	5
199	45	19	1	4
200	37	23	1	4
201	34	25	1	4
202	53	16	1	7
203	29	29	1	3
204	42	20	1	4
205	30	28	1	4
206	40	21	1	6
207	42	20	1	3
208	38	22	1	3
209	32	26	1	8
210	36	23	1	8
211	54	15	1	6
212	35	23	1	5
213	47	17	1	5
214	38	21	1	4
215	53	15	1	4
216	49	16	1	7
217	56	14	1	3
218	49	16	1	4
219	46	17	1	6
220	39	20	1	7
221	31	25	1	4
222	43	18	1	3
223	55	14	1	7
224	48	16	1	3
225	38	20	1	4
226	33	23	1	5
227	36	21	1	3
228	28	27	1	6
229	36	21	1	4
230	29	26	1	9
231	47	16	1	5
232	30	25	1	3
233	53	14	1	5
234	39	19	1	6
235	37	20	1	7
236	41	18	1	4
237	32	23	1	4
238	49	15	1	6
239	35	21	1	7
240	43	17	1	7
241	29	25	1	3
242	40	18	1	4
243	48	15	1	4
244	34	21	1	9
245	32	22	1	7
246	44	16	1	5
247	27	26	1	6
248	28	25	1	3
249	35	20	1	5
250	28	25	1	8
251	29	24	1	2
252	33	21	1	4
253	30	23	1	5
254	53	13	1	5
255	43	16	1	5
256	36	19	1	6
257	34	20	1	6
258	40	17	1	4
259	27	25	1	8
260	28	24	1	10
261	48	14	1	2
262	28	24	1	3
263	29	23	1	3
264	51	13	1	7
265	60	11	1	7
266	26	25	1	4
267	50	13	1	2
268	26	25	1	2
269	50	13	1	3
270	36	18	1	6
271	34	19	1	4
272	43	15	1	7
273	46	14	1	4
274	42	15	1	5
275	37	17	1	6
276	39	16	1	4
277	26	24	1	8
278	27	23	1	8
279	56	11	1	4
280	36	17	1	4
281	34	18	1	5
282	30	20	1	1
283	40	15	1	6
284	30	20	1	4
285	40	15	1	9
286	50	12	1	3
287	26	23	1	5
288	37	16	1	6
289	39	15	1	6
290	34	17	1	5
291	36	16	1	7
292	41	14	1	7
293	47	12	1	6
294	51	11	1	6
295	40	14	1	4
296	35	16	1	6
297	43	13	1	6
298	31	18	1	6
299	29	19	1	5
300	25	22	1	7
301	26	21	1	4
302	42	13	1	2
303	39	14	1	5
304	42	13	1	4
305	34	16	1	5
306	32	17	1	5
307	36	15	1	7
308	27	20	1	2
309	36	15	1	11
310	49	11	1	5
311	38	14	1	8
312	28	19	1	8
313	53	10	1	4
314	33	16	1	6
315	31	17	1	5
316	25	21	1	8
317	37	14	1	7
318	27	19	1	2
319	34	15	1	4
320	23	22	1	3
321	46	11	1	4
322	36	14	1	4
323	42	12	1	6
324	33	15	1	11
325	35	14	1	5
326	27	18	1	8
327	23	21	1	5
328	37	13	1	5
329	48	10	1	8
330	30	16	1	3
331	32	15	1	4
332	48	10	1	6
333	34	14	1	5
334	26	18	1	4
335	31	15	1	3
336	22	21	1	5
337	23	20	1	4
338	27	17	1	4
339	24	19	1	13
340	35	13	1	7
341	30	15	1	4
342	25	18	1	4
343	30	15	1	6
344	28	16	1	5
345	44	10	1	6
346	23	19	1	4
347	29	15	1	5
348	24	18	1	4
349	27	16	1	5
350	28	15	1	4
351	42	10	1	3
352	22	19	1	5
353	26	16	1	7
354	32	13	1	8
355	37	11	1	5
356	29	14	1	7
357	31	13	1	4
358	20	20	1	8
359	23	17	1	4
360	30	13	1	6
361	26	15	1	2
362	24	16	1	5
363	29	13	1	4
364	23	16	1	7
365	28	13	1	5
366	33	11	1	4
367	20	18	1	4
368	27	13	1	3
369	29	12	1	7
370	19	18	1	4
371	31	11	1	7
372	34	10	1	6
373	24	14	1	5
374	28	12	1	4
375	24	14	1	5
376	30	11	1	3
377	18	18	1	7
378	23	14	1	6
379	20	16	1	3
380	21	15	1	5
381	19	16	1	4
382	25	12	1	4
383	23	13	1	6
384	17	17	1	6
385	24	12	1	6
386	18	16	1	4
387	19	15	1	6
388	21	13	1	4
389	19	14	1	6
390	24	11	1	8
391	22	12	1	6
392	17	15	1	5
393	23	11	1	8
394	21	12	1	4
395	19	13	1	9
396	20	12	1	5
397	18	13	1	4
398	15	15	1	5
399	15	14	1	6
400	14	13	1	6
401	16	11	1	4
402	16	10	1	6
403	14	11	1	7
