Mack/Bortfeldt(2008)
Bin-Packing-Problem
BP-RG/SBSBPP/SSSCSP
Testcase-ID	12
Problem-ID	110
no_item_types	488
no_items	2057
CONTAINER_DATA (l,w,h)	404	50	1
ITEMS_DATA:
Type	x	y	z	no_items
1	60	46	1	3
2	57	48	1	3
3	57	47	1	5
4	58	46	1	5
5	59	44	1	5
6	56	46	1	3
7	60	42	1	6
8	58	43	1	7
9	53	47	1	3
10	50	48	1	3
11	56	42	1	5
12	60	39	1	2
13	54	43	1	2
14	59	39	1	4
15	58	39	1	4
16	51	44	1	3
17	53	42	1	7
18	54	41	1	5
19	49	45	1	3
20	48	45	1	3
21	59	36	1	3
22	47	45	1	5
23	55	38	1	6
24	56	37	1	5
25	47	44	1	7
26	59	35	1	2
27	54	38	1	4
28	60	34	1	1
29	55	37	1	3
30	50	40	1	5
31	45	44	1	2
32	47	42	1	2
33	49	40	1	7
34	56	35	1	10
35	59	33	1	7
36	44	44	1	3
37	47	41	1	2
38	55	35	1	3
39	48	40	1	7
40	49	39	1	2
41	59	32	1	4
42	49	38	1	4
43	58	32	1	5
44	56	33	1	3
45	44	42	1	3
46	46	40	1	7
47	51	36	1	2
48	59	31	1	4
49	50	36	1	3
50	54	33	1	2
51	59	30	1	5
52	43	41	1	3
53	47	37	1	5
54	48	36	1	3
55	44	39	1	2
56	45	38	1	5
57	46	37	1	3
58	50	34	1	4
59	47	36	1	3
60	44	38	1	2
61	52	32	1	5
62	57	29	1	5
63	55	30	1	6
64	47	35	1	5
65	53	31	1	2
66	41	40	1	4
67	43	38	1	6
68	44	37	1	2
69	58	28	1	7
70	46	35	1	5
71	40	40	1	4
72	41	39	1	3
73	47	34	1	5
74	57	28	1	4
75	48	33	1	3
76	58	27	1	2
77	46	34	1	2
78	41	38	1	3
79	47	33	1	3
80	43	36	1	7
81	44	35	1	4
82	51	30	1	6
83	39	39	1	4
84	40	38	1	5
85	41	37	1	3
86	54	28	1	5
87	53	28	1	7
88	39	38	1	3
89	40	37	1	4
90	41	36	1	5
91	42	35	1	5
92	47	31	1	6
93	39	37	1	2
94	48	30	1	9
95	55	26	1	3
96	42	34	1	7
97	43	33	1	4
98	38	37	1	3
99	50	28	1	5
100	42	33	1	6
101	46	30	1	5
102	43	32	1	3
103	57	24	1	4
104	44	31	1	7
105	41	33	1	2
106	50	27	1	6
107	48	28	1	2
108	37	36	1	1
109	49	27	1	4
110	40	33	1	2
111	47	28	1	8
112	41	32	1	4
113	45	29	1	5
114	42	31	1	3
115	52	25	1	2
116	50	26	1	4
117	36	36	1	3
118	48	27	1	5
119	36	36	1	3
120	48	27	1	3
121	43	30	1	1
122	46	28	1	4
123	44	29	1	5
124	58	22	1	7
125	44	29	1	6
126	49	26	1	5
127	41	31	1	5
128	47	27	1	6
129	36	35	1	2
130	42	30	1	9
131	45	28	1	3
132	36	35	1	4
133	37	34	1	5
134	48	26	1	4
135	43	29	1	2
136	46	27	1	2
137	40	31	1	2
138	44	28	1	3
139	35	35	1	2
140	49	25	1	5
141	51	24	1	4
142	45	27	1	6
143	39	31	1	6
144	40	30	1	4
145	60	20	1	5
146	40	30	1	6
147	48	25	1	5
148	52	23	1	4
149	44	27	1	4
150	47	25	1	5
151	39	30	1	6
152	45	26	1	6
153	39	30	1	4
154	43	27	1	2
155	40	29	1	3
156	35	33	1	4
157	36	32	1	5
158	46	25	1	4
159	41	28	1	5
160	37	31	1	2
161	52	22	1	3
162	57	20	1	2
163	38	30	1	4
164	42	27	1	2
165	54	21	1	3
166	42	27	1	4
167	49	23	1	8
168	45	25	1	4
169	34	33	1	4
170	40	28	1	5
171	37	30	1	7
172	41	27	1	2
173	48	23	1	3
174	42	26	1	3
175	33	33	1	8
176	35	31	1	5
177	45	24	1	5
178	49	22	1	3
179	37	29	1	3
180	38	28	1	7
181	53	20	1	5
182	46	23	1	5
183	48	22	1	9
184	33	32	1	4
185	34	31	1	4
186	39	27	1	6
187	35	30	1	1
188	50	21	1	4
189	35	30	1	3
190	55	19	1	4
191	36	29	1	3
192	40	26	1	6
193	37	28	1	2
194	45	23	1	5
195	54	19	1	3
196	41	25	1	5
197	32	32	1	6
198	33	31	1	5
199	53	19	1	4
200	37	27	1	2
201	32	31	1	2
202	33	30	1	5
203	45	22	1	5
204	38	26	1	1
205	41	24	1	7
206	49	20	1	4
207	35	28	1	5
208	39	25	1	5
209	54	18	1	6
210	36	27	1	4
211	51	19	1	4
212	42	23	1	6
213	48	20	1	5
214	40	24	1	5
215	33	29	1	4
216	38	25	1	8
217	45	21	1	5
218	41	23	1	8
219	39	24	1	4
220	36	26	1	7
221	49	19	1	3
222	58	16	1	2
223	32	29	1	7
224	37	25	1	8
225	44	21	1	2
226	33	28	1	2
227	46	20	1	7
228	57	16	1	6
229	38	24	1	5
230	43	21	1	6
231	41	22	1	1
232	31	29	1	3
233	56	16	1	1
234	47	19	1	4
235	34	26	1	3
236	42	21	1	4
237	49	18	1	8
238	55	16	1	5
239	46	19	1	2
240	48	18	1	6
241	36	24	1	4
242	41	21	1	2
243	43	20	1	6
244	33	26	1	4
245	39	22	1	4
246	45	19	1	3
247	37	23	1	5
248	30	28	1	3
249	40	21	1	3
250	56	15	1	5
251	31	27	1	1
252	38	22	1	2
253	44	19	1	3
254	52	16	1	5
255	32	26	1	6
256	36	23	1	2
257	33	25	1	5
258	41	20	1	4
259	39	21	1	8
260	43	19	1	2
261	34	24	1	2
262	29	28	1	2
263	58	14	1	5
264	30	27	1	4
265	31	26	1	7
266	50	16	1	3
267	32	25	1	7
268	50	16	1	3
269	57	14	1	5
270	36	22	1	4
271	49	16	1	5
272	29	27	1	4
273	34	23	1	6
274	39	20	1	5
275	41	19	1	6
276	37	21	1	5
277	43	18	1	3
278	35	22	1	6
279	48	16	1	2
280	32	24	1	6
281	59	13	1	6
282	38	20	1	5
283	33	23	1	2
284	28	27	1	2
285	36	21	1	4
286	29	26	1	1
287	30	25	1	5
288	34	22	1	3
289	53	14	1	2
290	37	20	1	3
291	32	23	1	1
292	35	21	1	7
293	43	17	1	6
294	56	13	1	4
295	33	22	1	8
296	29	25	1	5
297	38	19	1	4
298	30	24	1	8
299	36	20	1	3
300	40	18	1	6
301	31	23	1	1
302	47	15	1	6
303	37	19	1	3
304	27	26	1	5
305	28	25	1	2
306	35	20	1	2
307	29	24	1	4
308	33	21	1	2
309	30	23	1	2
310	36	19	1	3
311	31	22	1	4
312	40	17	1	5
313	34	20	1	5
314	40	17	1	6
315	26	26	1	7
316	27	25	1	2
317	28	24	1	6
318	32	21	1	3
319	48	14	1	7
320	42	16	1	4
321	28	24	1	1
322	29	23	1	5
323	37	18	1	10
324	39	17	1	4
325	44	15	1	6
326	33	20	1	3
327	44	15	1	3
328	36	18	1	7
329	27	24	1	4
330	54	12	1	4
331	28	23	1	2
332	32	20	1	2
333	40	16	1	2
334	29	22	1	6
335	58	11	1	4
336	37	17	1	1
337	33	19	1	7
338	25	25	1	5
339	31	20	1	3
340	51	12	1	3
341	36	17	1	8
342	51	12	1	7
343	34	18	1	4
344	36	17	1	4
345	34	18	1	5
346	30	20	1	2
347	25	24	1	3
348	26	23	1	6
349	33	18	1	3
350	31	19	1	4
351	28	21	1	3
352	49	12	1	6
353	42	14	1	2
354	39	15	1	3
355	34	17	1	3
356	48	12	1	4
357	36	16	1	5
358	25	23	1	6
359	26	22	1	6
360	30	19	1	2
361	27	21	1	5
362	28	20	1	2
363	43	13	1	9
364	37	15	1	3
365	24	23	1	4
366	26	21	1	5
367	41	13	1	4
368	24	22	1	4
369	33	16	1	6
370	25	21	1	6
371	35	15	1	5
372	26	20	1	4
373	40	13	1	2
374	47	11	1	1
375	27	19	1	2
376	32	16	1	7
377	34	15	1	5
378	51	10	1	3
379	30	17	1	7
380	46	11	1	2
381	42	12	1	5
382	36	14	1	3
383	42	12	1	4
384	25	20	1	6
385	31	16	1	2
386	33	15	1	3
387	27	18	1	3
388	23	21	1	7
389	30	16	1	2
390	48	10	1	4
391	24	20	1	4
392	40	12	1	4
393	32	15	1	7
394	30	16	1	5
395	24	20	1	6
396	32	15	1	5
397	34	14	1	2
398	28	17	1	1
399	25	19	1	3
400	39	12	1	5
401	31	15	1	6
402	22	21	1	7
403	23	20	1	5
404	27	17	1	6
405	38	12	1	3
406	24	19	1	5
407	35	13	1	3
408	41	11	1	4
409	25	18	1	7
410	34	13	1	5
411	26	17	1	2
412	22	20	1	6
413	23	19	1	3
414	29	15	1	4
415	24	18	1	4
416	43	10	1	5
417	39	11	1	2
418	33	13	1	7
419	42	10	1	5
420	21	20	1	4
421	35	12	1	7
422	26	16	1	6
423	23	18	1	3
424	37	11	1	6
425	27	15	1	4
426	25	16	1	3
427	21	19	1	5
428	22	18	1	1
429	39	10	1	3
430	24	16	1	8
431	20	19	1	5
432	38	10	1	4
433	27	14	1	5
434	31	12	1	7
435	23	16	1	4
436	24	15	1	4
437	20	18	1	6
438	21	17	1	2
439	32	11	1	5
440	29	12	1	7
441	24	14	1	3
442	21	16	1	2
443	30	11	1	6
444	23	14	1	2
445	20	16	1	2
446	21	15	1	5
447	31	10	1	4
448	22	14	1	7
449	28	11	1	3
450	18	17	1	4
451	19	16	1	6
452	20	15	1	2
453	30	10	1	7
454	23	13	1	4
455	21	14	1	4
456	18	16	1	3
457	24	12	1	4
458	22	13	1	2
459	19	15	1	1
460	28	10	1	6
461	23	12	1	6
462	25	11	1	5
463	21	13	1	3
464	17	16	1	8
465	24	11	1	2
466	20	13	1	3
467	17	15	1	1
468	18	14	1	3
469	21	12	1	4
470	19	13	1	3
471	16	15	1	3
472	20	12	1	3
473	24	10	1	7
474	18	13	1	5
475	16	14	1	1
476	17	13	1	2
477	18	12	1	4
478	15	14	1	3
479	21	10	1	5
480	19	11	1	4
481	16	13	1	5
482	16	12	1	2
483	19	10	1	5
484	14	13	1	2
485	18	10	1	6
486	15	11	1	3
487	15	10	1	3
488	13	10	1	3
